dir,name,time,status,memory,generation,split,cnf_Reset,solve_Reset,check_Reset,cnf_Transition,solve_Transition,check_Transition,cnf_Safety,solve_Safety,check_Safety,cnf_Liveness,solve_Liveness,check_Liveness,cnf_Base,solve_Base,check_Base,cnf_Inductive,solve_Inductive,check_Inductive,cnf_Decrease,solve_Decrease,check_Decrease,cnf_Closure,solve_Closure,check_Closure,cnf_Consistent,solve_Consistent,check_Consistent,model_format,model_M,model_I,model_L,model_O,model_A,model_B,model_C,model_J,model_F,witness_format,witness_M,witness_I,witness_L,witness_O,witness_A,witness_B,witness_C,witness_J,witness_F,vars_Reset,clauses_Reset,vars_Transition,clauses_Transition,vars_Safety,clauses_Safety,vars_Liveness,clauses_Liveness,vars_Base,clauses_Base,vars_Inductive,clauses_Inductive,vars_Decrease,clauses_Decrease,vars_Closure,clauses_Closure,vars_Consistent,clauses_Consistent,checking_wall
certifaiger,k-6s217,0.865580134,ok,182,0.031692290,0.061410429,0.041677789,0.087910872,0.101715489,0.043580912,0.434180197,0.415469061,0.053699602,0.048905456,0.075737733,0.034881343,0.149251913,0.137583374,0.043772970,0.075888468,0.072831976,0.046386275,0.120172102,0.133666742,0.063142411,0.086008868,0.092531129,0.041450650,0.125978653,0.133606073,0.039841274,0.150671608,0.186311969,aig,10730,106,1737,0,8887,0,13,2,2,aag,12610,106,1743,0,10761,1,13,2,2,9436,13327,25975,60124,950,1331,16624,35187,5678,7692,15839,33877,15884,33940,16510,34726,29585,67247,0.695729894
certifaiger,k-arbi0s08p03,387.308515795,ok,26001,0.103360096,0.154464499,0.054190713,0.027225348,0.032278386,0.047689337,0.046818590,0.043712323,0.090681029,0.273338938,0.262022430,0.089242608,0.763769886,0.758585121,0.072284526,0.437853531,0.430320986,0.096587038,386.730788890,386.773001728,0.089341647,1.046480894,1.019179006,0.114531412,0.951962610,0.911259771,0.106762782,0.877289761,0.843528475,aig,641,16,40,0,585,0,0,1,NaN,aag,166241,16,50,0,166175,1,0,1,NaN,204,287,810,2115,165655,184559,331961,370892,165768,312501,331759,498070,331815,370407,497523,555059,497967,556373,386.964794589
certifaiger,k-cuabq2f,0.427281769,ok,0,0.024600391,0.024578409,0.039042186,0.083618011,0.090357274,0.036128988,0.062294947,0.068256886,0.050846225,0.029824779,0.025651329,0.040509255,0.088234853,0.076571123,0.049258790,0.075200772,0.073485381,0.044272378,0.118374747,0.131075465,0.042377048,0.058768259,0.060736099,0.036425195,0.094672847,0.082623154,0.036759216,0.074283282,0.068180681,aig,946,6,61,4,879,0,0,2,NaN,aag,2468,6,71,0,2391,1,0,2,NaN,309,434,1150,3291,1391,1615,3497,5283,1547,2676,3413,5919,3488,5252,4951,6986,5588,9033,0.301463316
certifaiger,k-cuabq2mf,0.404806641,ok,0,0.024784154,0.024743999,0.033916511,0.062857774,0.052610242,0.053209430,0.046532242,0.050834961,0.032938130,0.045521801,0.046240022,0.050150523,0.067520891,0.077621793,0.037994606,0.056638921,0.072201497,0.042230048,0.072990627,0.072959751,0.036837051,0.045077274,0.041971433,0.038474675,0.098685583,0.098573387,0.036211154,0.076151484,0.066036091,aig,496,6,35,4,455,0,0,2,NaN,aag,997,6,45,0,946,1,0,2,NaN,179,252,652,1815,377,429,1219,2121,474,773,1135,2144,1210,2090,1659,2638,2053,3895,0.275317405
certifaiger,k-cuabq4f,0.583651149,ok,52,0.024649644,0.026567462,0.039423682,0.096390754,0.100918576,0.040224113,0.156938865,0.157064172,0.047805016,0.121210217,0.099639628,0.049991381,0.122609449,0.106626563,0.052334132,0.083627233,0.092848915,0.035635962,0.288144387,0.291555963,0.041599554,0.109816928,0.129396587,0.048827269,0.138169505,0.142925118,0.039567297,0.169807749,0.161419390,aig,1864,8,119,6,1737,0,0,2,NaN,aag,5201,8,135,0,5058,1,0,2,NaN,599,840,2240,6443,3118,3551,7581,11015,3418,6033,7451,12738,7568,10968,10800,14708,12013,18611,0.453265870
certifaiger,k-cuabq4mf,0.490570416,ok,0,0.026363735,0.025983726,0.042934314,0.100553217,0.097950631,0.039379129,0.058619184,0.047088243,0.049490529,0.054967968,0.062059507,0.042986026,0.093649575,0.085457586,0.044239934,0.086946617,0.111076174,0.037291110,0.109909897,0.123839309,0.035928677,0.076682717,0.090256877,0.042587967,0.094952103,0.111096540,0.045213170,0.103627986,0.095752336,aig,964,8,67,6,889,0,0,2,NaN,aag,2699,8,83,0,2608,1,0,2,NaN,339,476,1244,3491,1532,1748,3905,5829,1712,2978,3775,6508,3892,5782,5538,7719,6263,10042,0.349388220
certifaiger,k-cucnt3,0.412963551,ok,0,0.024640637,0.024926211,0.036749945,0.070393736,0.061207374,0.037254798,0.055370198,0.055933656,0.047135841,0.030978533,0.033747121,0.035825080,0.044050801,0.031254584,0.032552910,0.089921165,0.082646498,0.033619442,0.056396369,0.041993417,0.036525244,0.049347486,0.059033542,0.041903297,0.067170211,0.073603189,0.034905093,0.094662594,0.088619315,aig,22,0,3,1,19,0,0,2,NaN,aag,257,0,19,0,238,1,0,2,NaN,19,28,45,107,81,92,348,591,120,178,259,446,344,556,509,793,611,1200,0.283833783
certifaiger,k-cuffl,2.740016356,ok,505,0.038119575,0.062247753,0.044767839,0.083209980,0.109856946,0.059476410,0.159325398,0.167400718,0.058428659,0.286930408,0.313265838,0.050173540,0.413414211,0.394646194,0.077567937,0.368696267,0.376523520,0.071692646,2.345444194,2.351732863,0.061991683,0.399443282,0.380263237,0.084241746,0.543113852,0.526704221,0.073693212,0.462985477,0.459605750,aig,1636,9,151,0,1476,0,0,3,NaN,aag,31547,9,199,0,31339,1,0,3,NaN,759,1064,2070,5309,29625,33261,60981,70533,30164,56241,60729,92268,60977,70433,90859,104131,92195,108140,2.553082397
certifaiger,k-cufq1,560.274281784,ok,26001,0.402080384,0.779505315,0.175355462,0.045971530,0.051779230,0.170012204,0.142398297,0.106928914,0.234036782,1.128434056,1.062867859,0.331991220,2.685292676,2.572431837,0.262851025,1.918266360,1.836012568,0.374442906,558.488128080,558.499848014,0.404560980,3.015887603,2.887680271,0.471156271,4.696830026,4.575450735,0.432462895,4.226460960,4.055217032,aig,2340,20,134,5,2186,0,0,2,NaN,aag,726351,20,160,0,726171,1,0,2,NaN,674,945,3196,9211,723650,788536,1449301,1582601,724046,1382808,1449129,2175936,1449290,1582536,2173098,2371343,2174875,2376864,558.995091641
certifaiger,k-cugcd,1.955112227,ok,351,0.027406512,0.039788187,0.051716747,0.124941052,0.110736157,0.030082758,0.121774594,0.140843217,0.041126656,0.144986515,0.129773659,0.056580574,0.219071142,0.247926597,0.052238723,0.189968841,0.232384217,0.056909861,1.546361256,1.549756329,0.052219468,0.304639118,0.308588625,0.044356519,0.374212191,0.362006079,0.050737374,0.292492168,0.293160281,aig,844,18,47,1,779,0,0,2,NaN,aag,17796,18,79,0,17699,1,0,2,NaN,239,336,1093,3145,16615,19603,34132,41572,16797,30398,33964,51752,34129,41505,50906,61397,51624,63763,1.805187855
certifaiger,k-culock,1.608727096,ok,290,0.031652719,0.049714039,0.059399361,0.118454096,0.127208909,0.050594170,0.123435377,0.104744773,0.037254509,0.152929744,0.144085959,0.053067686,0.397379454,0.369468378,0.039876554,0.222612501,0.242808877,0.035068833,1.306447687,1.307881586,0.045751332,0.382962032,0.379783017,0.058747698,0.513503965,0.513273527,0.062203762,0.456294809,0.453246840,aig,172,3,11,2,158,0,0,2,NaN,aag,23175,3,271,0,22901,1,0,2,NaN,59,84,286,789,20307,23448,43554,53063,20940,38022,42235,64185,43548,52535,65257,78336,66707,84500,1.448401863
certifaiger,k-cusarb16,0.449093562,ok,0,0.025173453,0.024399949,0.059014673,0.054654758,0.035834931,0.058460075,0.066129447,0.041916001,0.043238858,0.071702646,0.054412524,0.031271574,0.107917674,0.100316827,0.031532228,0.100622678,0.048092303,0.036100736,0.104891875,0.100183085,0.044572976,0.089368886,0.068601001,0.035218336,0.094769233,0.108976521,0.035849677,0.103271953,0.087101722,aig,145,17,50,1,78,0,0,2,NaN,aag,1591,17,82,0,1492,1,0,2,NaN,254,357,521,959,1100,1446,2832,4171,1297,2040,2664,4138,2829,4104,4093,5839,4530,7118,0.319217389
certifaiger,k-cusarb32,0.535610311,ok,49,0.025167107,0.026757453,0.042767810,0.108954657,0.113819916,0.032223629,0.093859985,0.082972039,0.038516010,0.102677255,0.096909416,0.034923171,0.148943657,0.148475908,0.046724081,0.114456579,0.122625193,0.043315441,0.148709131,0.185530286,0.035096900,0.126267743,0.113726008,0.044827580,0.192180109,0.167226863,0.045741252,0.130997725,0.138071637,aig,273,33,98,1,142,0,0,2,NaN,aag,5436,33,162,0,5241,1,0,2,NaN,494,693,1001,1823,4470,5941,10170,14393,4854,7816,9842,15033,10167,14262,14961,20780,15809,23291,0.398633971
certifaiger,k-cutarb4,0.564508288,ok,30,0.024726415,0.024209959,0.035536361,0.090084253,0.087175780,0.033408898,0.092289591,0.074629665,0.036029800,0.092416780,0.062868586,0.048355285,0.061544875,0.092123659,0.041882891,0.084163517,0.081267242,0.035929234,0.223944701,0.236893337,0.046390557,0.084627471,0.101762444,0.034192861,0.097714775,0.098848361,0.038698905,0.096963281,0.105974146,aig,510,5,19,5,486,0,0,2,NaN,aag,3141,5,45,0,3091,1,0,2,NaN,99,140,832,2427,2345,2808,5413,7527,2436,4281,5237,8519,5398,7458,7903,10537,8471,12436,0.439673452
certifaiger,k-cutarb8,1.910065795,ok,318,0.029659464,0.039291169,0.039962552,0.087192569,0.101928717,0.040700274,0.155502989,0.168994089,0.058076853,0.152271371,0.146136946,0.042255614,0.213301969,0.211885575,0.039076826,0.182226505,0.205333424,0.056635016,1.570431888,1.553221618,0.037070033,0.283852209,0.290488136,0.057671781,0.316909460,0.290315417,0.054681699,0.343744940,0.338054158,aig,1122,9,39,9,1074,0,0,2,NaN,aag,19175,9,89,0,19077,1,0,2,NaN,199,280,1808,5315,17499,20698,36497,45395,17684,31914,36165,55686,36470,45266,54279,66483,55471,70458,1.763651370
certifaiger,k-cutf1,346.649533263,ok,26004,0.286090872,0.502769256,0.210848951,0.033498827,0.053356602,0.194315905,0.070101484,0.077669216,0.185928054,0.850628688,0.839066776,0.278571532,1.975906125,1.891027899,0.213699667,1.519253369,1.453525476,0.293513460,345.314620592,345.368865893,0.264020971,2.213589298,2.118452967,0.342759566,3.171805180,3.044295362,0.337639662,3.138089498,2.999890438,aig,669,8,35,2,626,0,0,2,NaN,aag,560161,8,55,0,560098,1,0,2,NaN,179,252,923,2677,559281,608128,1119236,1218134,559395,1069788,1119118,1679367,1119231,1218087,1678622,1826408,1679186,1828284,345.770701135
certifaiger,k-cutf3,0.432398994,ok,0,0.023884276,0.024202759,0.034919155,0.097005681,0.098024406,0.030472549,0.079885868,0.101828477,0.041301951,0.078215461,0.078207699,0.034530230,0.043139563,0.066719101,0.038829595,0.074301989,0.074830412,0.034474125,0.055022089,0.077064739,0.030053365,0.087379525,0.092345754,0.045550982,0.084145672,0.078107604,0.037410891,0.080912038,0.077460727,aig,669,8,35,7,626,0,0,2,NaN,aag,1430,8,53,0,1369,1,0,2,NaN,179,252,923,2677,535,623,1805,3200,652,1073,1639,3159,1772,3117,2437,3955,3028,5867,0.301900204
certifaiger,k-cutq1,1282.197012120,ok,26004,0.434629272,0.847657573,0.158829897,0.050951135,0.074038330,0.198095573,0.078168806,0.064357324,0.304054241,1.244326581,1.187389087,0.373428280,3.031053234,2.910244821,0.297439878,2.283002059,2.176882165,0.413323073,1280.264227096,1280.300830537,0.382753407,3.959420471,3.818958113,0.528344098,4.812525928,4.620847341,0.524971193,4.780707542,4.584051805,aig,1223,11,68,3,1144,0,0,2,NaN,aag,813888,11,90,0,813787,1,0,2,NaN,344,483,1677,4843,812410,884696,1625918,1772481,812610,1552691,1625782,2439879,1625911,1772428,2438447,2657343,2439405,2660428,1280.817284314
certifaiger,k-lmcs06bc57sp,0.586342917,ok,47,0.023794762,0.023864411,0.033009303,0.115363344,0.093581374,0.029764356,0.136658111,0.131861231,0.033926532,0.075483631,0.075211239,0.043364452,0.153213062,0.119914447,0.038961225,0.113691353,0.112198626,0.044841073,0.299137936,0.278528273,0.051591216,0.094977068,0.086434707,0.042601032,0.121283709,0.132240101,0.029044005,0.121723267,0.140543189,aig,1691,66,129,0,1496,0,1,3,2,aag,4574,66,150,0,4358,1,1,3,2,669,940,3043,7751,2648,3096,7458,11654,2987,5138,7097,12443,7250,11211,10040,14539,11842,19633,0.465325716
certifaiger,k-lmcs06brp,0.438412296,ok,0,0.024613638,0.024541716,0.032139067,0.055988728,0.076005362,0.058455263,0.059338926,0.056842475,0.042824788,0.048629638,0.044367143,0.036547270,0.053599430,0.068172689,0.038943305,0.081329792,0.079147978,0.039279835,0.054825860,0.071973087,0.044505646,0.075598350,0.062159535,0.036672726,0.087653674,0.093106767,0.042864263,0.072764495,0.078324038,aig,902,47,89,0,766,0,1,2,NaN,aag,1756,47,98,0,1611,1,1,2,NaN,485,684,1790,4337,754,862,2626,4460,973,1602,2471,4557,2544,4289,3350,5237,4330,7881,0.310393513
certifaiger,k-lmcs06counter0,0.403137946,ok,0,0.024603536,0.024402971,0.043656990,0.062087469,0.041413972,0.037710833,0.041182982,0.039906411,0.031117005,0.064797727,0.050989790,0.029882494,0.052354703,0.047948501,0.038718591,0.073448356,0.076832615,0.043704637,0.051000515,0.052710200,0.042799619,0.063682109,0.082068698,0.042109631,0.072919723,0.070343895,0.036914025,0.052762811,0.065689375,aig,69,6,11,0,52,0,0,1,NaN,aag,255,6,17,0,232,1,0,1,NaN,59,84,145,307,128,143,404,627,162,264,359,604,395,602,556,802,667,1135,0.276937814
certifaiger,k-lmcs06mutex0,0.454106529,ok,0,0.027471581,0.026587660,0.040796646,0.068747644,0.063790491,0.030263978,0.034052894,0.046274042,0.043818840,0.048370468,0.052403769,0.044139950,0.082922889,0.064100479,0.042187588,0.081577828,0.085489392,0.043919964,0.073648570,0.074226316,0.044129515,0.065683256,0.053664472,0.050058933,0.104930286,0.091776286,0.041099342,0.071868246,0.076853404,aig,113,6,13,0,94,0,1,1,NaN,aag,229,6,16,0,207,1,1,1,NaN,79,113,259,592,96,113,361,636,125,194,320,594,341,600,450,736,594,1135,0.310417418
certifaiger,k-lmcs06ring0,0.403012689,ok,0,0.024482837,0.024716265,0.036251137,0.040990584,0.046244270,0.036757168,0.039177620,0.037079307,0.033257271,0.052096864,0.059047849,0.038287125,0.071303231,0.072991645,0.042078839,0.062763524,0.055323257,0.029604601,0.064922494,0.070115750,0.039267329,0.085360946,0.070208067,0.045579911,0.068225907,0.094158930,0.031240583,0.080639567,0.086727727,aig,100,10,15,0,75,0,0,1,3,aag,377,10,22,0,345,1,0,1,3,79,112,195,411,197,228,608,923,246,406,542,900,592,883,836,1189,993,1635,0.277222809
certifaiger,k-lmcs06short0,0.400954030,ok,0,0.024376083,0.024754169,0.039382646,0.032778087,0.031540126,0.030967621,0.035660056,0.043639707,0.042371895,0.061107459,0.057386791,0.036872113,0.076554743,0.057494560,0.030742555,0.084728363,0.076928630,0.029547886,0.067774146,0.073504651,0.039268978,0.055064060,0.049208918,0.028774128,0.065068897,0.060012695,0.040010279,0.056594586,0.062848243,aig,71,8,10,0,53,0,0,1,NaN,aag,135,8,12,0,115,1,0,1,NaN,54,77,142,301,44,49,199,346,70,107,175,316,191,329,248,399,341,639,0.272503819
certifaiger,k-lmcs06srg5p0,0.387979985,ok,0,0.024123680,0.024179625,0.038795365,0.050101697,0.045414857,0.038557242,0.045641461,0.047830932,0.033604376,0.059361326,0.051967062,0.037497897,0.059901828,0.057324792,0.031876678,0.066672550,0.071721764,0.031486900,0.065633502,0.066648796,0.037312516,0.058520210,0.087525273,0.035601319,0.060622491,0.065942456,0.040652505,0.043612996,0.039645283,aig,394,39,46,0,309,0,0,1,NaN,aag,690,39,54,0,597,1,0,1,NaN,234,329,745,1689,213,237,960,1651,347,539,895,1627,947,1616,1209,1936,1664,3099,0.264817225
certifaiger,l2s-6s217,0.816936236,ok,151,0.031345903,0.053195713,0.034425498,0.096987201,0.105073830,0.045743044,0.441350445,0.441795533,0.042710484,0.125483436,0.129170536,0.055799676,0.109902078,0.144397014,0.049254732,0.052348060,0.068973338,0.046073150,0.120255406,0.124862559,0.041696460,0.152883310,0.130778470,0.045038044,0.119579950,0.136665282,0.059579981,0.155861864,0.167356410,aig,10730,106,1737,0,8887,0,13,2,2,aag,12610,106,1743,0,10761,1,13,2,2,9436,13327,25975,60124,950,1331,16624,35187,5678,7692,15839,33877,15884,33940,16510,34726,29585,67247,0.656251028
certifaiger,l2s-cuabq2f,0.444082828,ok,3,0.024078552,0.024239126,0.043084083,0.057532066,0.063180939,0.036517847,0.047540138,0.048942900,0.031189389,0.048602070,0.060006477,0.042088766,0.062970664,0.067879609,0.041411261,0.124570605,0.104281736,0.039983907,0.160578216,0.156117446,0.049225727,0.082974480,0.070666970,0.053992147,0.059617853,0.076725105,0.055163420,0.060913840,0.108225699,aig,946,6,61,4,879,0,0,2,NaN,aag,2468,6,71,0,2391,1,0,2,NaN,309,434,1150,3291,1391,1615,3497,5283,1547,2676,3413,5919,3488,5252,4951,6986,5588,9033,0.320693980
certifaiger,l2s-cuabq2mf,0.448794862,ok,0,0.026721358,0.025764538,0.032886332,0.056787343,0.049219313,0.037627340,0.066083019,0.074477930,0.042299267,0.074721633,0.050958747,0.043369621,0.075598645,0.062301154,0.037796673,0.069325999,0.082733596,0.042924923,0.084398106,0.066963096,0.045280058,0.083099912,0.082633974,0.034541040,0.060027118,0.067474943,0.043266889,0.082272123,0.086713205,aig,496,6,35,4,455,0,0,2,NaN,aag,997,6,45,0,946,1,0,2,NaN,179,252,652,1815,377,429,1219,2121,474,773,1135,2144,1210,2090,1659,2638,2053,3895,0.306507673
certifaiger,l2s-cuabq4f,0.573421499,ok,38,0.024946263,0.026430860,0.032057862,0.104115718,0.087750354,0.048747641,0.096506049,0.096240981,0.053110150,0.069090035,0.065213640,0.038329708,0.089924673,0.096971417,0.040258637,0.090984759,0.106478432,0.042905602,0.231571635,0.240110687,0.040847417,0.083778009,0.077450102,0.042730120,0.127510786,0.114203096,0.042066474,0.125534551,0.115979842,aig,1864,8,119,6,1737,0,0,2,NaN,aag,5201,8,135,0,5058,1,0,2,NaN,599,840,2240,6443,3118,3551,7581,11015,3418,6033,7451,12738,7568,10968,10800,14708,12013,18611,0.438702449
certifaiger,l2s-cuabq4mf,0.448262382,ok,0,0.025085049,0.025497060,0.041468808,0.036550904,0.034227811,0.037081680,0.062126358,0.096940874,0.041951748,0.086812052,0.086377662,0.042567827,0.085161368,0.051890223,0.050142582,0.064630436,0.080941144,0.035988581,0.104565462,0.111981155,0.047476503,0.075976952,0.075347197,0.030449875,0.096930271,0.083918786,0.042750555,0.086021944,0.090203031,aig,964,8,67,6,889,0,0,2,NaN,aag,2699,8,83,0,2608,1,0,2,NaN,339,476,1244,3491,1532,1748,3905,5829,1712,2978,3775,6508,3892,5782,5538,7719,6263,10042,0.312945915
certifaiger,l2s-cucnt3,0.433894566,ok,0,0.026925221,0.026782959,0.044109619,0.061337699,0.054566229,0.034949576,0.073933268,0.054516340,0.039520098,0.038479298,0.055714790,0.038513684,0.085234351,0.050329798,0.041536074,0.076706871,0.073241078,0.047027685,0.045879495,0.048375811,0.040158454,0.068615328,0.068438956,0.046117027,0.060336792,0.076979778,0.041133645,0.103832688,0.086259246,aig,22,0,3,1,19,0,0,2,NaN,aag,257,0,19,0,238,1,0,2,NaN,19,28,45,107,81,92,348,591,120,178,259,446,344,556,509,793,611,1200,0.288210956
certifaiger,l2s-cugcd,1.951559282,ok,357,0.043673764,0.046736950,0.050262515,0.111590912,0.079312939,0.027631631,0.088940057,0.102582672,0.058935549,0.066118692,0.083676156,0.061253231,0.141512001,0.140540492,0.045372581,0.109566983,0.139525388,0.051344117,1.448034231,1.395969560,0.059569949,0.181622486,0.195313470,0.051956471,0.224541883,0.214347279,0.068239943,0.175565842,0.158035838,aig,844,18,47,1,779,0,0,2,NaN,aag,17796,18,79,0,17699,1,0,2,NaN,239,336,1093,3145,16615,19603,34132,41572,16797,30398,33964,51752,34129,41505,50906,61397,51624,63763,1.748234092
certifaiger,l2s-culock,1.495096643,ok,282,0.031302853,0.053937180,0.037886074,0.098502522,0.075990385,0.048296384,0.044871336,0.043072685,0.048117943,0.157469405,0.171319343,0.070265117,0.168814229,0.170272143,0.052424307,0.134731529,0.131733055,0.051967307,1.107554213,1.131928904,0.042102268,0.226474840,0.260942984,0.073181081,0.290202700,0.299161798,0.048435700,0.302604316,0.298427114,aig,172,3,11,2,158,0,0,2,NaN,aag,23175,3,271,0,22901,1,0,2,NaN,59,84,286,789,20307,23448,43554,53063,20940,38022,42235,64185,43548,52535,65257,78336,66707,84500,1.328299220
certifaiger,l2s-cunim1,813.965554856,ok,26004,0.282265675,0.531213381,0.136710309,0.036670961,0.042709154,0.130435403,0.079967281,0.072929033,0.191823048,0.820811421,0.788330176,0.250931026,1.998583168,1.941540242,0.195823080,1.461121836,1.394560246,0.258514369,812.646371156,812.690293964,0.281656290,2.667958270,2.650685292,0.310971891,3.598788074,3.441637451,0.309602774,3.039217029,2.924064065,aig,1143,6,32,2,1105,0,0,2,NaN,aag,527139,6,100,0,527033,1,0,2,NaN,164,231,1306,4151,525291,581961,1051939,1167595,525499,994047,1051580,1578640,1051933,1167450,1577576,1750036,1578576,1753705,813.065011186
certifaiger,l2s-cunim2,116.824647497,ok,26001,0.140024220,0.244073399,0.065927307,0.034720162,0.046780236,0.073542112,0.074980688,0.073247525,0.132193562,0.399739189,0.397641414,0.132224874,0.956093649,0.893438753,0.103635590,0.675855386,0.671780932,0.144315945,116.071373407,116.114482021,0.131920738,1.207443603,1.171994890,0.167218523,1.649746427,1.572391758,0.159551661,1.447004300,1.367597088,aig,1170,7,34,2,1129,0,0,2,NaN,aag,258192,7,102,0,258083,1,0,2,NaN,174,245,1357,4287,256315,284337,514013,572419,256527,484746,513653,771779,514006,572274,770675,857236,771698,860977,116.352162790
certifaiger,l2s-cusarb16,0.433894171,ok,0,0.026581497,0.026143928,0.032310209,0.103106569,0.073839250,0.029791898,0.051872100,0.044532653,0.038689951,0.044145102,0.084494774,0.030732031,0.071827837,0.055506419,0.039638686,0.073488172,0.065603033,0.042208055,0.036016095,0.046472373,0.036504852,0.078297796,0.069018624,0.036915686,0.061624401,0.073156490,0.040172755,0.084689897,0.079120455,aig,145,17,50,1,78,0,0,2,NaN,aag,1591,17,82,0,1492,1,0,2,NaN,254,357,521,959,1100,1446,2832,4171,1297,2040,2664,4138,2829,4104,4093,5839,4530,7118,0.291730176
certifaiger,l2s-cutarb4,0.568881289,ok,31,0.024671554,0.024632976,0.049942576,0.047395709,0.052012976,0.034955435,0.075381057,0.086917031,0.038216942,0.053917518,0.037180770,0.048570008,0.070864119,0.058081499,0.041603299,0.109245660,0.111026184,0.041567568,0.227287502,0.202323917,0.042474388,0.101138076,0.086909605,0.041555905,0.072331204,0.087753709,0.033034380,0.080447308,0.087984088,aig,510,5,19,5,486,0,0,2,NaN,aag,3141,5,45,0,3091,1,0,2,NaN,99,140,832,2427,2345,2808,5413,7527,2436,4281,5237,8519,5398,7458,7903,10537,8471,12436,0.440133145
certifaiger,l2s-cutarb8,1.790952447,ok,325,0.029389123,0.039085699,0.036954581,0.112296256,0.160170118,0.027224230,0.119910891,0.052430233,0.045414177,0.136855712,0.171409224,0.044709812,0.198909332,0.183397923,0.040455506,0.136932868,0.134364020,0.046320656,1.488361323,1.469083823,0.049339752,0.226826506,0.198132457,0.049715812,0.199876200,0.202710232,0.055950395,0.205646644,0.211886269,aig,1122,9,39,9,1074,0,0,2,NaN,aag,19175,9,89,0,19077,1,0,2,NaN,199,280,1808,5315,17499,20698,36497,45395,17684,31914,36165,55686,36470,45266,54279,66483,55471,70458,1.645974856
certifaiger,l2s-cutf1,349.426518504,ok,26001,0.276251815,0.503345364,0.162204878,0.030952997,0.039983701,0.122023356,0.088833615,0.062019202,0.198657432,0.878512450,0.814956400,0.291866162,1.960251398,1.873375456,0.209876038,1.505795915,1.444574924,0.300518227,348.112518112,348.160879264,0.304031215,2.173391116,2.089817456,0.330637666,3.183063565,3.026255982,0.347366643,3.129600484,2.985946952,aig,669,8,35,2,626,0,0,2,NaN,aag,560161,8,55,0,560098,1,0,2,NaN,179,252,923,2677,559281,608128,1119236,1218134,559395,1069788,1119118,1679367,1119231,1218087,1678622,1826408,1679186,1828284,348.561223435
certifaiger,l2s-cutf3,0.412232645,ok,0,0.024231865,0.024150112,0.028959976,0.042877438,0.044465427,0.038630654,0.092626134,0.071068647,0.042892416,0.027659906,0.043387674,0.041845599,0.046209732,0.051665660,0.049717057,0.058196401,0.061395251,0.029509529,0.081725902,0.091849722,0.030387749,0.055064106,0.057052906,0.042996799,0.092646948,0.071305406,0.048221185,0.070843940,0.096920480,aig,669,8,35,7,626,0,0,2,NaN,aag,1430,8,53,0,1369,1,0,2,NaN,179,252,923,2677,535,623,1805,3200,652,1073,1639,3159,1772,3117,2437,3955,3028,5867,0.288540028
certifaiger,l2s-lmcs06bc57sp,0.591053795,ok,35,0.024296541,0.027463541,0.041530177,0.066813202,0.077780210,0.034057082,0.123181398,0.133567542,0.039112268,0.045219586,0.031736125,0.044392002,0.102796221,0.105100839,0.035868877,0.096374441,0.063361573,0.042504325,0.274635353,0.270925821,0.036336939,0.095372489,0.084564725,0.040610533,0.091795520,0.072535140,0.036778145,0.123258178,0.108946006,aig,1691,66,129,0,1496,0,1,3,2,aag,4574,66,150,0,4358,1,1,3,2,669,940,3043,7751,2648,3096,7458,11654,2987,5138,7097,12443,7250,11211,10040,14539,11842,19633,0.462772434
certifaiger,l2s-lmcs06brp,0.473653181,ok,0,0.026985559,0.027747297,0.036315521,0.051759083,0.075986293,0.042040279,0.100718424,0.112211447,0.048697460,0.062980425,0.057867842,0.046279898,0.087663825,0.076118472,0.053100684,0.098281059,0.100914490,0.043218578,0.050216435,0.074870176,0.056403620,0.046534886,0.055677111,0.050658120,0.109860063,0.095144741,0.051411534,0.081902775,0.085721567,aig,902,47,89,0,766,0,1,2,NaN,aag,1756,47,98,0,1611,1,1,2,NaN,485,684,1790,4337,754,862,2626,4460,973,1602,2471,4557,2544,4289,3350,5237,4330,7881,0.320872076
certifaiger,l2s-lmcs06counter0,0.410047669,ok,0,0.025127462,0.025358295,0.031068312,0.063087546,0.061851184,0.037643310,0.057741512,0.060895050,0.033571647,0.054282297,0.048493104,0.045496309,0.061518882,0.040790769,0.042485110,0.067268709,0.113605696,0.036152075,0.055144941,0.089502453,0.039586021,0.077880530,0.087600836,0.048880757,0.082360202,0.062867073,0.039270105,0.066915001,0.073250882,aig,69,6,11,0,52,0,0,1,NaN,aag,255,6,17,0,232,1,0,1,NaN,59,84,145,307,128,143,404,627,162,264,359,604,395,602,556,802,667,1135,0.281421432
certifaiger,l2s-lmcs06mutex0,0.401419210,ok,0,0.024234971,0.024181587,0.043327567,0.074585693,0.072657794,0.030371385,0.071610947,0.067426424,0.048421628,0.034472649,0.032400437,0.038070681,0.078767957,0.075842306,0.039626766,0.065225382,0.080739204,0.044077262,0.074065753,0.064141630,0.043422976,0.047046042,0.054866095,0.052498362,0.056248877,0.065319985,0.046541608,0.035071729,0.050390701,aig,113,6,13,0,94,0,1,1,NaN,aag,229,6,16,0,207,1,1,1,NaN,79,113,259,592,96,113,361,636,125,194,320,594,341,600,450,736,594,1135,0.277098807
certifaiger,l2s-lmcs06ring0,0.425784098,ok,0,0.026076662,0.026154251,0.039357135,0.064674387,0.064728165,0.038466990,0.045292304,0.044142999,0.029314605,0.052867793,0.046335052,0.036362511,0.051558518,0.046349523,0.050059776,0.069224051,0.081632081,0.038399352,0.051905470,0.045406874,0.028890923,0.067340380,0.092041854,0.043386592,0.057608710,0.047950185,0.053761681,0.063885796,0.053223266,aig,100,10,15,0,75,0,0,1,3,aag,377,10,22,0,345,1,0,1,3,79,112,195,411,197,228,608,923,246,406,542,900,592,883,836,1189,993,1635,0.286083859
certifaiger,l2s-lmcs06short0,0.423316828,ok,0,0.024723255,0.024556035,0.035871257,0.068333136,0.060454203,0.031162664,0.038511571,0.029264703,0.039773117,0.039346795,0.030018798,0.045542219,0.052015142,0.039689252,0.037453529,0.104570289,0.078643109,0.039227741,0.080075546,0.080762618,0.042612570,0.075805615,0.056282360,0.040160515,0.075495370,0.072721388,0.046077163,0.075994642,0.068766782,aig,71,8,10,0,53,0,0,1,NaN,aag,135,8,12,0,115,1,0,1,NaN,54,77,142,301,44,49,199,346,70,107,175,316,191,329,248,399,341,639,0.290345644
certifaiger,l2s-lmcs06srg5p0,0.408266196,ok,0,0.024599029,0.024942059,0.033968475,0.087279543,0.096148925,0.034406406,0.052038272,0.077440521,0.036737312,0.055404380,0.065113323,0.042890944,0.039326040,0.047393904,0.036171010,0.079417669,0.087071534,0.042610535,0.064434330,0.042291976,0.040589567,0.066905692,0.052088743,0.038162028,0.083431775,0.081054762,0.036977669,0.081132383,0.048256249,aig,394,39,46,0,309,0,0,1,NaN,aag,690,39,54,0,597,1,0,1,NaN,234,329,745,1689,213,237,960,1651,347,539,895,1627,947,1616,1209,1936,1664,3099,0.278174890
certifaiger,rlive-6s217,0.869221857,ok,181,0.034495837,0.056174933,0.055444859,0.090533418,0.109213488,0.047290807,0.422134091,0.421829627,0.052188144,0.091575671,0.079967424,0.047537096,0.116144987,0.109163264,0.041134363,0.073373968,0.083084120,0.048514002,0.166814379,0.145681981,0.048705411,0.146255410,0.158025636,0.053357908,0.187319667,0.175419182,0.052695089,0.207953417,0.173652836,aig,10730,106,1737,0,8887,0,13,2,2,aag,12610,106,1743,0,10761,1,13,2,2,9436,13327,25975,60124,950,1331,16624,35187,5678,7692,15839,33877,15884,33940,16510,34726,29585,67247,0.690476062
certifaiger,rlive-cucnt3,0.415569584,ok,0,0.026506198,0.026506068,0.034146455,0.026252827,0.031584986,0.026640316,0.058611774,0.063234387,0.043398051,0.038015354,0.047302994,0.042279969,0.031865687,0.059051916,0.045728063,0.077486672,0.095410147,0.051574802,0.057132374,0.051684108,0.043414691,0.070938706,0.082147324,0.038723892,0.086161774,0.091902633,0.039790837,0.075955649,0.077781798,aig,22,0,3,1,19,0,0,2,NaN,aag,257,0,19,0,238,1,0,2,NaN,19,28,45,107,81,92,348,591,120,178,259,446,344,556,509,793,611,1200,0.276821446
certifaiger,rlive-culock,1.540964865,ok,285,0.033132219,0.052707378,0.045900820,0.114125960,0.118319097,0.029299233,0.132090511,0.144399961,0.040889060,0.114008102,0.122322281,0.065238445,0.229545884,0.251550817,0.054865278,0.094151588,0.126175475,0.053683557,1.142131286,1.126696618,0.051690122,0.184289092,0.217452748,0.053198393,0.321416071,0.334269153,0.048418848,0.317706408,0.328868352,aig,172,3,11,2,158,0,0,2,NaN,aag,23175,3,271,0,22901,1,0,2,NaN,59,84,286,789,20307,23448,43554,53063,20940,38022,42235,64185,43548,52535,65257,78336,66707,84500,1.361191934
certifaiger,rlive-cutarb4,0.567027580,ok,27,0.026154844,0.026250656,0.049201172,0.064491528,0.071149151,0.043603582,0.065130301,0.074679076,0.041500687,0.050257295,0.045242584,0.043284409,0.069973362,0.076179370,0.049382766,0.093451164,0.069700511,0.040339297,0.237501313,0.239789956,0.045783399,0.100591771,0.103898225,0.044593031,0.122286291,0.115418325,0.046000667,0.062337383,0.065866431,aig,510,5,19,5,486,0,0,2,NaN,aag,3141,5,45,0,3091,1,0,2,NaN,99,140,832,2427,2345,2808,5413,7527,2436,4281,5237,8519,5398,7458,7903,10537,8471,12436,0.416144957
certifaiger,rlive-lmcs06brp,0.411786183,ok,0,0.023898957,0.024219891,0.028169502,0.067927900,0.058517682,0.037507371,0.071314014,0.076193761,0.032579000,0.053207733,0.041911863,0.039853199,0.058146363,0.049485266,0.039580090,0.053565161,0.055511584,0.041098910,0.033901131,0.045418970,0.028014825,0.066353551,0.078277882,0.044509539,0.069399574,0.081916787,0.045896129,0.077655648,0.067867421,aig,902,47,89,0,766,0,1,2,NaN,aag,1756,47,98,0,1611,1,1,2,NaN,485,684,1790,4337,754,862,2626,4460,973,1602,2471,4557,2544,4289,3350,5237,4330,7881,0.285930132
certifaiger,rlive-lmcs06counter0,0.425471664,ok,0,0.026257113,0.026256808,0.037574625,0.050250020,0.047376507,0.032887198,0.050434356,0.046168615,0.039069929,0.058749009,0.049628739,0.042276217,0.046133904,0.031517392,0.035296890,0.089366079,0.072609331,0.038441860,0.080404877,0.099278205,0.041982386,0.057211278,0.059455344,0.044818831,0.081512189,0.071409286,0.042827531,0.083037634,0.074263417,aig,69,6,11,0,52,0,0,1,NaN,aag,255,6,17,0,232,1,0,1,NaN,59,84,145,307,128,143,404,627,162,264,359,604,395,602,556,802,667,1135,0.279588982
certifaiger,rlive-lmcs06mutex0,0.399482634,ok,0,0.024613917,0.024578400,0.033080475,0.062091551,0.066315202,0.033218318,0.034239080,0.028191111,0.034581584,0.086249555,0.082334148,0.035166533,0.077620794,0.085557800,0.042834995,0.078854785,0.071857570,0.038951039,0.039972289,0.046486799,0.039539241,0.069612852,0.067219264,0.047513672,0.036290600,0.048066879,0.038295422,0.065965776,0.063326632,aig,113,6,13,0,94,0,1,1,NaN,aag,229,6,16,0,207,1,1,1,NaN,79,113,259,592,96,113,361,636,125,194,320,594,341,600,450,736,594,1135,0.268704180
certifaiger,rlive-lmcs06short0,0.420839049,ok,0,0.027060765,0.025768662,0.051431658,0.045258474,0.063190083,0.053667060,0.035169068,0.036474696,0.042260368,0.038483473,0.041600577,0.038406971,0.065826029,0.067545049,0.036372443,0.059851124,0.064611403,0.030220208,0.054654842,0.063228553,0.036093799,0.041323633,0.038840740,0.037082387,0.068651245,0.074345179,0.041995292,0.044103383,0.060710073,aig,71,8,10,0,53,0,0,1,NaN,aag,135,8,12,0,115,1,0,1,NaN,54,77,142,301,44,49,199,346,70,107,175,316,191,329,248,399,341,639,0.277018122
certifaiger,stable-6s217,0.949325107,ok,181,0.032564430,0.054713200,0.038662773,0.106160215,0.090150042,0.076741134,0.447867213,0.451945484,0.045177149,0.082205471,0.061059811,0.057550329,0.158491040,0.146708786,0.071439345,0.080459867,0.143227588,0.042140008,0.137847748,0.124688999,0.051262917,0.163907626,0.089442143,0.082821391,0.107832139,0.090583155,0.060340184,0.172059735,0.170821105,aig,10730,106,1737,0,8887,0,13,2,2,aag,12610,106,1743,0,10761,1,13,2,2,9436,13327,25975,60124,950,1331,16624,35187,5678,7692,15839,33877,15884,33940,16510,34726,29585,67247,0.780092242
certifaiger,stable-cuabq2f,0.414274529,ok,0,0.023964405,0.023857850,0.042603449,0.054186149,0.062039782,0.036882633,0.058659222,0.067820384,0.041714536,0.058494271,0.060754105,0.028468353,0.088497560,0.080040540,0.035733994,0.077914200,0.099503210,0.038157364,0.090134391,0.095543056,0.031414718,0.074623088,0.073006256,0.044746134,0.074508500,0.089103492,0.049517665,0.084779479,0.076207462,aig,946,6,61,4,879,0,0,2,NaN,aag,2468,6,71,0,2391,1,0,2,NaN,309,434,1150,3291,1391,1615,3497,5283,1547,2676,3413,5919,3488,5252,4951,6986,5588,9033,0.290233742
certifaiger,stable-cuabq2mf,0.375065786,ok,0,0.023792143,0.024259205,0.033513846,0.054817649,0.054319345,0.040595092,0.036049071,0.041088798,0.032402658,0.055084425,0.060347118,0.034338148,0.061974952,0.064164046,0.032352441,0.081065747,0.076726394,0.030046649,0.073598794,0.072921322,0.040198151,0.066218754,0.052612866,0.035339376,0.084108815,0.066887405,0.045231154,0.064969402,0.050363445,aig,496,6,35,4,455,0,0,2,NaN,aag,997,6,45,0,946,1,0,2,NaN,179,252,652,1815,377,429,1219,2121,474,773,1135,2144,1210,2090,1659,2638,2053,3895,0.254422101
certifaiger,stable-cuabq4f,0.504389195,ok,38,0.023968107,0.024171487,0.036929660,0.058910636,0.063634922,0.037263335,0.087340150,0.070701771,0.033306445,0.066831835,0.066206397,0.041911547,0.070359401,0.066847636,0.041794098,0.065904573,0.071342363,0.043777519,0.222222394,0.235618424,0.035385576,0.093479873,0.111035024,0.048512060,0.112415748,0.109131747,0.036592958,0.130277089,0.115862141,aig,1864,8,119,6,1737,0,0,2,NaN,aag,5201,8,135,0,5058,1,0,2,NaN,599,840,2240,6443,3118,3551,7581,11015,3418,6033,7451,12738,7568,10968,10800,14708,12013,18611,0.383031400
certifaiger,stable-cuabq4mf,0.488336255,ok,0,0.073385493,0.043063616,0.032767076,0.082955865,0.075860165,0.030063793,0.051116513,0.056045406,0.033178454,0.076514416,0.077709946,0.030924320,0.070875560,0.082081052,0.048568054,0.079514064,0.097114100,0.036555941,0.109833331,0.107902831,0.051221676,0.103751689,0.099248167,0.043475711,0.093660580,0.075003827,0.049456928,0.091607159,0.098268730,aig,964,8,67,6,889,0,0,2,NaN,aag,2699,8,83,0,2608,1,0,2,NaN,339,476,1244,3491,1532,1748,3905,5829,1712,2978,3775,6508,3892,5782,5538,7719,6263,10042,0.277969282
certifaiger,stable-cucnt3,0.405137825,ok,0,0.024575460,0.025055350,0.036125014,0.060627784,0.043508476,0.041029428,0.042423161,0.035599850,0.040516500,0.045539088,0.036464851,0.042675794,0.074050229,0.076257621,0.041870557,0.062612105,0.081056624,0.042254542,0.045206801,0.065379013,0.036303788,0.070328530,0.072553824,0.041604308,0.062317414,0.065481555,0.036425010,0.077329008,0.056609963,aig,22,0,3,1,19,0,0,2,NaN,aag,257,0,19,0,238,1,0,2,NaN,19,28,45,107,81,92,348,591,120,178,259,446,344,556,509,793,611,1200,0.274981469
certifaiger,stable-cuffl,2.467223524,ok,528,0.034707588,0.059341706,0.060506753,0.176249096,0.130543849,0.039597956,0.122440594,0.112064891,0.083349367,0.121730305,0.124431320,0.060558213,0.194891604,0.248947150,0.049719494,0.165953386,0.168320728,0.051401934,2.106530633,2.104659816,0.043698274,0.264402465,0.256148267,0.047475564,0.341575634,0.345912108,0.072189864,0.263605163,0.275461071,aig,1636,9,151,0,1476,0,0,3,NaN,aag,31547,9,199,0,31339,1,0,3,NaN,759,1064,2070,5309,29625,33261,60981,70533,30164,56241,60729,92268,60977,70433,90859,104131,92195,108140,2.293980647
certifaiger,stable-cufq1,586.254553402,ok,26001,0.393080996,0.780923916,0.142946493,0.062605307,0.038356824,0.145487553,0.117506858,0.099801412,0.242058062,1.131951683,1.058905484,0.363364341,2.662221750,2.556621279,0.295598079,1.870715776,1.786628700,0.360179944,584.493996731,584.514133283,0.349147357,2.944090251,2.829984763,0.461394146,4.727898977,4.559725122,0.482968050,4.203035287,4.013262754,aig,2340,20,134,5,2186,0,0,2,NaN,aag,726351,20,160,0,726171,1,0,2,NaN,674,945,3196,9211,723650,788536,1449301,1582601,724046,1382808,1449129,2175936,1449290,1582536,2173098,2371343,2174875,2376864,584.988011828
certifaiger,stable-cugcd,1.831231319,ok,350,0.033412738,0.037787125,0.043707984,0.080577133,0.081459435,0.047422997,0.100214969,0.130862752,0.038129435,0.114227478,0.086301595,0.056479644,0.146188690,0.176323995,0.053160242,0.172172911,0.184434406,0.056728552,1.446632215,1.436635843,0.047524028,0.226841007,0.245767617,0.062174316,0.223708081,0.208053707,0.036061558,0.238873906,0.243204609,aig,844,18,47,1,779,0,0,2,NaN,aag,17796,18,79,0,17699,1,0,2,NaN,239,336,1093,3145,16615,19603,34132,41572,16797,30398,33964,51752,34129,41505,50906,61397,51624,63763,1.669534564
certifaiger,stable-culock,1.560258860,ok,274,0.039383496,0.093059347,0.052317166,0.171405049,0.232401964,0.027905631,0.133165518,0.119244076,0.040399562,0.103811653,0.077485110,0.043109526,0.197513126,0.224188394,0.054981140,0.205589611,0.183875477,0.050651594,1.141931831,1.164712935,0.048390046,0.234570949,0.241658337,0.048203676,0.246203486,0.261533873,0.055803534,0.327856581,0.326390049,aig,172,3,11,2,158,0,0,2,NaN,aag,23175,3,271,0,22901,1,0,2,NaN,59,84,286,789,20307,23448,43554,53063,20940,38022,42235,64185,43548,52535,65257,78336,66707,84500,1.348416870
certifaiger,stable-cunim1,821.080701128,ok,26004,0.276828982,0.517080300,0.145997823,0.046277225,0.034936646,0.145374692,0.065117712,0.088023136,0.190394769,0.833414549,0.781422121,0.239922924,2.002599746,1.922194495,0.191542233,1.435734870,1.380402527,0.323880933,819.736211223,819.779540465,0.241149038,2.691367099,2.606069613,0.307298947,3.544799747,3.396400907,0.312297187,3.013988998,2.903069134,aig,1143,6,32,2,1105,0,0,2,NaN,aag,527139,6,100,0,527033,1,0,2,NaN,164,231,1306,4151,525291,581961,1051939,1167595,525499,994047,1051580,1578640,1051933,1167450,1577576,1750036,1578576,1753705,820.199201456
certifaiger,stable-cunim2,115.231127159,ok,26001,0.141033315,0.242863000,0.063939096,0.035802813,0.034403674,0.084802216,0.064173889,0.078076439,0.114034030,0.391580929,0.391902559,0.127167454,0.946576241,0.906431293,0.104654214,0.714507226,0.692620010,0.149697104,114.474589787,114.514092780,0.128490014,1.208442463,1.182269088,0.168506871,1.649443627,1.591186545,0.169512822,1.436139800,1.396154809,aig,1170,7,34,2,1129,0,0,2,NaN,aag,258192,7,102,0,258083,1,0,2,NaN,174,245,1357,4287,256315,284337,514013,572419,256527,484746,513653,771779,514006,572274,770675,857236,771698,860977,114.762934772
certifaiger,stable-cusarb16,0.405644438,ok,0,0.024381091,0.024342768,0.037042117,0.060008366,0.043839291,0.027835757,0.069764151,0.049695701,0.034797321,0.034857686,0.039539581,0.042330890,0.053842080,0.085068387,0.045464707,0.055606835,0.065109658,0.037217596,0.089914748,0.098219024,0.039777174,0.088720290,0.080841884,0.037558596,0.095400719,0.083890632,0.029013563,0.097143701,0.095804170,aig,145,17,50,1,78,0,0,2,NaN,aag,1591,17,82,0,1492,1,0,2,NaN,254,357,521,959,1100,1446,2832,4171,1297,2040,2664,4138,2829,4104,4093,5839,4530,7118,0.277760213
certifaiger,stable-cusarb32,0.459357035,ok,0,0.023883615,0.026173438,0.030303672,0.081419587,0.062659436,0.039109050,0.071075581,0.073068430,0.036843047,0.055512070,0.092027285,0.035139924,0.084619843,0.089738141,0.044114955,0.093601567,0.097542318,0.038189617,0.144939487,0.154948691,0.032470452,0.109624815,0.109287217,0.053802413,0.079585043,0.105697370,0.036976359,0.103921322,0.102693697,aig,273,33,98,1,142,0,0,2,NaN,aag,5436,33,162,0,5241,1,0,2,NaN,494,693,1001,1823,4470,5941,10170,14393,4854,7816,9842,15033,10167,14262,14961,20780,15809,23291,0.330436916
certifaiger,stable-cutarb4,0.639988103,ok,31,0.077458561,0.043387627,0.040381053,0.063588383,0.065710802,0.034613039,0.048700537,0.041812046,0.027835452,0.056311790,0.065625997,0.034450067,0.074199550,0.078782901,0.044563180,0.094025047,0.085509510,0.048120628,0.208750002,0.209977954,0.042903596,0.089089242,0.098815406,0.040782878,0.090618987,0.090704758,0.041745292,0.096716390,0.094753994,aig,510,5,19,5,486,0,0,2,NaN,aag,3141,5,45,0,3091,1,0,2,NaN,99,140,832,2427,2345,2808,5413,7527,2436,4281,5237,8519,5398,7458,7903,10537,8471,12436,0.421766263
certifaiger,stable-cutarb8,1.769395700,ok,309,0.031830161,0.042058527,0.057159134,0.130961977,0.132666683,0.035941899,0.142366592,0.137224463,0.049910055,0.144476732,0.136837784,0.055891601,0.142987427,0.133538407,0.043256625,0.134588290,0.120454250,0.049434417,1.455134790,1.441909467,0.055553800,0.190920282,0.189731075,0.043790071,0.236239220,0.241094308,0.056789577,0.254173760,0.232556242,aig,1122,9,39,9,1074,0,0,2,NaN,aag,19175,9,89,0,19077,1,0,2,NaN,199,280,1808,5315,17499,20698,36497,45395,17684,31914,36165,55686,36470,45266,54279,66483,55471,70458,1.615108842
certifaiger,stable-cutf1,326.737030795,ok,26001,0.286909083,0.513168492,0.132893548,0.038652904,0.027618809,0.124829087,0.076645997,0.060115168,0.230758999,0.813259082,0.814590126,0.291721439,1.967696437,1.871991982,0.213402080,1.518023052,1.460130888,0.285375992,325.414958290,325.467128517,0.259087324,2.173772216,2.087350828,0.350345724,3.133155879,3.002379809,0.345069962,3.103883883,2.965486509,aig,669,8,35,2,626,0,0,2,NaN,aag,560161,8,55,0,560098,1,0,2,NaN,179,252,923,2677,559281,608128,1119236,1218134,559395,1069788,1119118,1679367,1119231,1218087,1678622,1826408,1679186,1828284,325.844623796
certifaiger,stable-cutf3,0.443524531,ok,0,0.026690967,0.025369818,0.039158101,0.090257479,0.098888965,0.033223350,0.125656635,0.134310664,0.041390402,0.057425797,0.043971367,0.043852389,0.103978561,0.062044364,0.050592735,0.080831635,0.085227560,0.040250239,0.072889033,0.087726424,0.051664770,0.068636419,0.055057139,0.039961085,0.096642501,0.097556845,0.045187647,0.076883294,0.104879257,aig,669,8,35,7,626,0,0,2,NaN,aag,1430,8,53,0,1369,1,0,2,NaN,179,252,923,2677,535,623,1805,3200,652,1073,1639,3159,1772,3117,2437,3955,3028,5867,0.310560549
certifaiger,stable-cutq1,1230.211585550,ok,26004,0.416030665,0.748120438,0.158270992,0.035494688,0.035387222,0.163453689,0.099053123,0.127941727,0.391653374,1.225634036,1.175862862,0.382179222,2.940085495,2.816454956,0.286937127,2.179822398,2.092333650,0.407235643,1228.394536418,1228.419461755,0.368831553,3.813963891,3.702418884,0.498941598,4.680389206,4.500912440,0.491613212,4.651865291,4.458586674,aig,1223,11,68,3,1144,0,0,2,NaN,aag,813888,11,90,0,813787,1,0,2,NaN,344,483,1677,4843,812410,884696,1625918,1772481,812610,1552691,1625782,2439879,1625911,1772428,2438447,2657343,2439405,2660428,1228.951985447
certifaiger,stable-lmcs06bc57sp,0.584895516,ok,47,0.024732949,0.026619490,0.044651996,0.086759220,0.099958022,0.035291545,0.100316687,0.115350463,0.044001908,0.074863723,0.069882021,0.035900473,0.085344036,0.087800719,0.037929918,0.066954167,0.088138851,0.041278585,0.248343681,0.279038302,0.042389429,0.116946466,0.072602497,0.047995975,0.114210988,0.090801465,0.049282566,0.090618100,0.094840937,aig,1691,66,129,0,1496,0,1,3,2,aag,4574,66,150,0,4358,1,1,3,2,669,940,3043,7751,2648,3096,7458,11654,2987,5138,7097,12443,7250,11211,10040,14539,11842,19633,0.452689629
certifaiger,stable-lmcs06brp,0.471718421,ok,0,0.025628531,0.025349346,0.051721143,0.085857438,0.083584563,0.032666382,0.066134255,0.074162595,0.044619365,0.069361220,0.071284097,0.035555263,0.097892277,0.096391501,0.050095298,0.088372741,0.077298690,0.040842882,0.102784029,0.098655485,0.054452704,0.085380075,0.072788370,0.047560598,0.107298592,0.104280075,0.038634528,0.086670052,0.105633843,aig,902,47,89,0,766,0,1,2,NaN,aag,1756,47,98,0,1611,1,1,2,NaN,485,684,1790,4337,754,862,2626,4460,973,1602,2471,4557,2544,4289,3350,5237,4330,7881,0.337627169
certifaiger,stable-lmcs06counter0,0.457283256,ok,0,0.044630674,0.041414040,0.044950863,0.064199587,0.071376845,0.037974823,0.056920444,0.065201918,0.038255697,0.066374386,0.069083311,0.038137032,0.043699767,0.043087770,0.040976830,0.071147620,0.070699498,0.037946780,0.054444973,0.067687378,0.038943435,0.093674690,0.065159363,0.044335767,0.070750383,0.060949714,0.044505708,0.075037286,0.059426206,aig,69,6,11,0,52,0,0,1,NaN,aag,255,6,17,0,232,1,0,1,NaN,59,84,145,307,128,143,404,627,162,264,359,604,395,602,556,802,667,1135,0.273238543
certifaiger,stable-lmcs06mutex0,0.386744143,ok,0,0.024344971,0.024279240,0.041651941,0.061621238,0.071089247,0.045620453,0.034989249,0.054388682,0.039115863,0.050511293,0.040319546,0.041525928,0.058302302,0.041952748,0.037107542,0.082284996,0.068154901,0.033829203,0.061176438,0.056835655,0.034721198,0.061626093,0.060805441,0.041799086,0.053958543,0.062445037,0.048379762,0.059966850,0.064939321,aig,113,6,13,0,94,0,1,1,NaN,aag,229,6,16,0,207,1,1,1,NaN,79,113,259,592,96,113,361,636,125,194,320,594,341,600,450,736,594,1135,0.261658090
certifaiger,stable-lmcs06ring0,0.391717187,ok,0,0.024568202,0.025470322,0.028474545,0.051748597,0.047686508,0.034203955,0.056326446,0.047318494,0.033232980,0.060726110,0.056212033,0.035872957,0.067466638,0.068332483,0.039126520,0.090251947,0.074330880,0.035903511,0.070071708,0.054537920,0.039645696,0.052378093,0.051141557,0.041816164,0.076756786,0.080306688,0.039450752,0.074078235,0.059698329,aig,100,10,15,0,75,0,0,1,3,aag,377,10,22,0,345,1,0,1,3,79,112,195,411,197,228,608,923,246,406,542,900,592,883,836,1189,993,1635,0.259758305
certifaiger,stable-lmcs06short0,0.434823404,ok,0,0.034550050,0.043254320,0.030892313,0.056126391,0.045995053,0.038722072,0.045055461,0.039346033,0.036655908,0.038438083,0.047811713,0.033603337,0.058764411,0.064736837,0.055977198,0.067434607,0.073245318,0.043867554,0.069552995,0.073131471,0.041847327,0.060231569,0.098655286,0.040435308,0.069195248,0.060623150,0.042623586,0.092326952,0.068062254,aig,71,8,10,0,53,0,0,1,NaN,aag,135,8,12,0,115,1,0,1,NaN,54,77,142,301,44,49,199,346,70,107,175,316,191,329,248,399,341,639,0.273711641
certifaiger,stable-lmcs06srg5p0,0.414590241,ok,0,0.024457448,0.026266871,0.034644215,0.060539368,0.043404011,0.036712104,0.077047264,0.075329279,0.033165428,0.038597051,0.047577872,0.038041627,0.047490176,0.052305423,0.033591537,0.082187608,0.056575855,0.040701755,0.068772224,0.066021555,0.034910473,0.073216932,0.077121773,0.041888593,0.050588885,0.077262799,0.051151187,0.064726573,0.068605461,aig,394,39,46,0,309,0,0,1,NaN,aag,690,39,54,0,597,1,0,1,NaN,234,329,745,1689,213,237,960,1651,347,539,895,1627,947,1616,1209,1936,1664,3099,0.279812103
caketaiger,k-6s217,1.357387657,ok,449,0.384663235,NaN,NaN,0.085623503,0.086517895,NaN,0.665491234,0.640546158,NaN,0.136025244,0.099350258,NaN,0.123209430,0.138875829,NaN,0.152319727,0.153950447,NaN,0.147726688,0.128382553,NaN,0.164285204,0.150305677,NaN,0.175423744,0.165300289,NaN,0.234948192,0.169632258,aig,10730,106,1737,0,8887,0,13,2,2,aag,12610,106,1743,0,10761,1,13,2,2,6018,9830,27363,56599,1005,1306,17372,33386,3965,5938,16528,32107,16580,32163,17238,32928,30946,63704,0.813307343
caketaiger,k-arbi0s08p03,417.953220423,ok,26001,4.108186651,NaN,NaN,0.060321617,0.068183066,NaN,0.072497310,0.059625465,NaN,0.306923925,0.288402947,NaN,0.853339024,0.837567805,NaN,0.461396996,0.470072622,NaN,413.545965950,413.602723570,NaN,0.685926506,0.656443758,NaN,1.094728388,1.063958740,NaN,1.015569573,0.967640602,aig,641,16,40,0,585,0,0,1,NaN,aag,166241,16,50,0,166175,1,0,1,NaN,130,210,1096,2001,165662,184560,332248,370801,165725,312453,331897,498019,331970,370350,497697,554996,498269,556257,413.669847719
caketaiger,k-cuabq2f,0.650322401,ok,4,0.110567064,NaN,NaN,0.062952797,0.085558516,NaN,0.110416829,0.089284498,NaN,0.085567152,0.040636527,NaN,0.077802687,0.072592253,NaN,0.108329275,0.103894589,NaN,0.201656662,0.151021899,NaN,0.101215635,0.093809911,NaN,0.121178032,0.119372520,NaN,0.142437298,0.126829729,aig,946,6,61,4,879,0,0,2,NaN,aag,2468,6,71,0,2391,1,0,2,NaN,193,315,2078,3170,1396,1616,3963,5198,1481,2607,3868,5847,3954,5167,5428,6889,6508,8857,0.329375121
caketaiger,k-cuabq2mf,0.438188240,ok,0,0.049796189,NaN,NaN,0.065668040,0.082080819,NaN,0.057854872,0.055504148,NaN,0.062816054,0.078032965,NaN,0.073723134,0.088407277,NaN,0.098979381,0.108873486,NaN,0.082610651,0.082479973,NaN,0.092731668,0.093025416,NaN,0.090613249,0.095781373,NaN,0.074986919,0.092676663,aig,496,6,35,4,455,0,0,2,NaN,aag,997,6,45,0,946,1,0,2,NaN,115,185,1100,1746,382,430,1445,2062,434,730,1350,2098,1436,2031,1896,2567,2493,3771,0.208258595
caketaiger,k-cuabq4f,0.659676450,ok,176,0.143861671,NaN,NaN,0.108427366,0.094502796,NaN,0.122943899,0.096346447,NaN,0.101829385,0.120712091,NaN,0.094440112,0.094859045,NaN,0.101868205,0.075670984,NaN,0.245684894,0.227938412,NaN,0.122928051,0.107652520,NaN,0.102329913,0.118637799,NaN,0.125251031,0.113950311,aig,1864,8,119,6,1737,0,0,2,NaN,aag,5201,8,135,0,5058,1,0,2,NaN,367,605,4084,6206,3123,3552,8507,10862,3288,5900,8358,12602,8494,10815,11745,14539,13849,18295,0.345137592
caketaiger,k-cuabq4mf,0.429648620,ok,0,0.071828717,NaN,NaN,0.063105861,0.074587419,NaN,0.080619712,0.090887857,NaN,0.083169497,0.077377736,NaN,0.071527035,0.069972222,NaN,0.072751391,0.081554323,NaN,0.131412615,0.113684899,NaN,0.075699476,0.063842165,NaN,0.087694239,0.073685806,NaN,0.086063929,0.107301926,aig,964,8,67,6,889,0,0,2,NaN,aag,2699,8,83,0,2608,1,0,2,NaN,211,345,2128,3358,1537,1749,4351,5728,1634,2897,4202,6424,4338,5681,6003,7602,7139,9830,0.210630629
caketaiger,k-cucnt3,0.356905635,ok,0,0.026266249,NaN,NaN,0.062227902,0.070316644,NaN,0.053605050,0.054500481,NaN,0.056507383,0.055258013,NaN,0.065519072,0.067470313,NaN,0.060391927,0.051800765,NaN,0.062757290,0.052273626,NaN,0.067043556,0.079985133,NaN,0.075926776,0.063424122,NaN,0.080081932,0.080582552,aig,22,0,3,1,19,0,0,2,NaN,aag,257,0,19,0,238,1,0,2,NaN,19,25,65,102,86,93,372,564,106,161,254,426,368,529,562,760,653,1146,0.175232322
caketaiger,k-cuffl,3.198135572,ok,1222,0.768127171,NaN,NaN,0.052952924,0.060572758,NaN,0.167329349,0.168774394,NaN,0.225216126,0.176554030,NaN,0.199230361,0.198539947,NaN,0.272682940,0.292782054,NaN,2.102546045,2.075212906,NaN,0.246993332,0.233098027,NaN,0.367541857,0.380387741,NaN,0.304432301,0.339613599,aig,1636,9,151,0,1476,0,0,3,NaN,aag,31547,9,199,0,31339,1,0,3,NaN,463,765,3072,5008,29630,33262,61527,70325,29970,56044,61183,92068,61523,70224,91497,103915,93280,107723,2.192573400
caketaiger,k-cufq1,742.423868057,ok,26030,24.364894209,NaN,NaN,0.057644503,0.059246183,NaN,0.125887129,0.105524742,NaN,1.423470597,1.352361820,NaN,3.666362434,3.508285399,NaN,2.552566196,2.416369692,NaN,717.662777318,717.716579149,NaN,3.563610501,3.417479173,NaN,6.077927143,5.881139568,NaN,5.259530847,5.027783153,aig,2340,20,134,5,2186,0,0,2,NaN,aag,726351,20,160,0,726171,1,0,2,NaN,412,680,5074,8944,723657,788537,1450260,1582425,723893,1382650,1450047,2175775,1450249,1582360,2174100,2371153,2176777,2376504,717.797603828
caketaiger,k-cugcd,2.191571266,ok,556,0.428243779,NaN,NaN,0.114733202,0.120736372,NaN,0.128523050,0.134329178,NaN,0.131585306,0.154515539,NaN,0.131698130,0.131620575,NaN,0.093353897,0.115303632,NaN,1.469687991,1.498174243,NaN,0.257617562,0.239414746,NaN,0.241463367,0.231699424,NaN,0.211327786,0.181885966,aig,844,18,47,1,779,0,0,2,NaN,aag,17796,18,79,0,17699,1,0,2,NaN,151,245,1823,3052,16620,19604,34527,41485,16723,30321,34298,51672,34524,41418,51362,61304,52408,63589,1.605626659
caketaiger,k-culock,2.076081593,ok,888,0.543585664,NaN,NaN,0.152401851,0.164524497,NaN,0.106199054,0.125029132,NaN,0.093223658,0.100443423,NaN,0.251992064,0.228154763,NaN,0.196656399,0.164490315,NaN,1.254044430,1.247840618,NaN,0.307848251,0.292185465,NaN,0.330772991,0.327787856,NaN,0.324030108,0.288380470,aig,172,3,11,2,158,0,0,2,NaN,aag,23175,3,271,0,22901,1,0,2,NaN,43,65,386,768,20312,23449,43860,52782,20674,37753,42026,63913,43854,52254,66078,78047,67311,83936,1.355315209
caketaiger,k-cusarb16,0.443310452,ok,0,0.054502891,NaN,NaN,0.092117914,0.093325332,NaN,0.068023198,0.084748372,NaN,0.079921623,0.082087810,NaN,0.106197696,0.086466962,NaN,0.091407341,0.064727794,NaN,0.078994560,0.066634852,NaN,0.079767341,0.076406893,NaN,0.089775061,0.109154261,NaN,0.091376163,0.097045832,aig,145,17,50,1,78,0,0,2,NaN,aag,1591,17,82,0,1492,1,0,2,NaN,160,260,435,860,1105,1447,2819,4081,1220,1960,2590,4055,2816,4014,4141,5743,4498,6938,0.226425741
caketaiger,k-cusarb32,0.590409175,ok,185,0.144677809,NaN,NaN,0.093845213,0.068714479,NaN,0.058566955,0.071624982,NaN,0.079798864,0.082493888,NaN,0.097223519,0.102823961,NaN,0.065320362,0.066806534,NaN,0.115402607,0.126107080,NaN,0.114862756,0.110335836,NaN,0.132422122,0.135134291,NaN,0.121568008,0.146352158,aig,273,33,98,1,142,0,0,2,NaN,aag,5436,33,162,0,5241,1,0,2,NaN,304,500,819,1628,4475,5942,10141,14223,4697,7656,9688,14870,10138,14092,15057,20604,15745,22951,0.253812439
caketaiger,k-cutarb4,0.601695405,ok,30,0.092259377,NaN,NaN,0.104992682,0.081137850,NaN,0.061162896,0.067493170,NaN,0.073776375,0.089025191,NaN,0.097216397,0.105558487,NaN,0.099928945,0.115031877,NaN,0.239399559,0.247272071,NaN,0.120762151,0.077317025,NaN,0.117314030,0.097615655,NaN,0.101283644,0.120712479,aig,510,5,19,5,486,0,0,2,NaN,aag,3141,5,45,0,3091,1,0,2,NaN,67,105,1084,2390,2352,2809,5559,7466,2398,4238,5342,8473,5544,7397,8092,10462,8747,12306,0.328781479
caketaiger,k-cutarb8,2.141848032,ok,754,0.449705989,NaN,NaN,0.064255681,0.080980945,NaN,0.131472669,0.134651284,NaN,0.099933192,0.086986009,NaN,0.187406749,0.185720329,NaN,0.113449615,0.138045902,NaN,1.443374237,1.422760946,NaN,0.236672362,0.216489570,NaN,0.283714714,0.269903562,NaN,0.246489692,0.219288228,aig,1122,9,39,9,1074,0,0,2,NaN,aag,19175,9,89,0,19077,1,0,2,NaN,127,205,2364,5238,17504,20699,36807,45282,17600,31827,36394,55596,36780,45153,54670,66348,56069,70216,1.536814231
caketaiger,k-cutf1,488.285344565,ok,26001,15.693385386,NaN,NaN,0.153365137,0.061394670,NaN,0.155239313,0.149895522,NaN,1.173787181,0.981422124,NaN,2.725378869,2.502595297,NaN,1.882123714,1.797371006,NaN,472.112700767,472.152650227,NaN,2.500122239,2.312083685,NaN,8.802663496,8.813905883,NaN,4.349827291,4.119741347,aig,669,8,35,2,626,0,0,2,NaN,aag,560161,8,55,0,560098,1,0,2,NaN,115,185,1445,2608,559288,608129,1119517,1218069,559347,1069735,1119364,1679311,1119512,1218022,1678940,1826335,1679738,1828152,472.338992160
caketaiger,k-cutf3,0.417155971,ok,0,0.047663109,NaN,NaN,0.055405764,0.068578073,NaN,0.066079672,0.067491798,NaN,0.060376997,0.053261043,NaN,0.059611858,0.053762182,NaN,0.070313264,0.072940370,NaN,0.086481950,0.085924297,NaN,0.060338444,0.083239977,NaN,0.084539276,0.051717427,NaN,0.087916094,0.104183641,aig,669,8,35,7,626,0,0,2,NaN,aag,1430,8,53,0,1369,1,0,2,NaN,115,185,1445,2608,540,624,2070,3127,604,1022,1883,3105,2037,3044,2723,3864,3540,5709,0.207434208
caketaiger,k-cutq1,1088.005296870,ok,26034,20.001536440,NaN,NaN,0.048493309,0.058242692,NaN,0.084106077,0.096549968,NaN,1.292947519,1.238033628,NaN,3.059987400,2.944317564,NaN,2.252336811,2.168593066,NaN,1067.614798311,1067.656237487,NaN,3.147751646,3.056176307,NaN,5.263010826,5.079993487,NaN,5.121906843,4.963724517,aig,1223,11,68,3,1144,0,0,2,NaN,aag,813888,11,90,0,813787,1,0,2,NaN,214,350,2651,4708,812419,884697,1626429,1772379,812529,1552603,1626256,2439788,1626422,1772326,2438999,2657231,2440413,2660220,1067.747147704
caketaiger,k-lmcs06bc57sp,0.759450372,ok,177,0.239206126,NaN,NaN,0.069819620,0.100582027,NaN,0.180085505,0.164995980,NaN,0.112057714,0.100314514,NaN,0.103581193,0.094586367,NaN,0.079891711,0.101567218,NaN,0.265754820,0.275097906,NaN,0.133404749,0.135848943,NaN,0.161568014,0.141011590,NaN,0.119453762,0.123921837,aig,1691,66,129,0,1496,0,1,3,2,aag,4574,66,150,0,4358,1,1,3,2,415,683,3373,7490,2651,3095,7634,11488,2841,4989,7241,12290,7421,11042,10237,14351,12171,19286,0.366258881
caketaiger,k-lmcs06brp,0.489219156,ok,0,0.105587464,NaN,NaN,0.062570298,0.074911009,NaN,0.090165818,0.088556155,NaN,0.068063203,0.067136488,NaN,0.111939806,0.082909698,NaN,0.066775613,0.075939892,NaN,0.092081389,0.086143807,NaN,0.080098447,0.084084345,NaN,0.082520444,0.112411431,NaN,0.106715647,0.106835946,aig,902,47,89,0,766,0,1,2,NaN,aag,1756,47,98,0,1611,1,1,2,NaN,311,507,1982,4156,757,861,2721,4345,879,1505,2559,4456,2640,4174,3453,5108,4510,7645,0.229243806
caketaiger,k-lmcs06counter0,0.381596480,ok,0,0.033605420,NaN,NaN,0.079771396,0.062671919,NaN,0.059525021,0.069212978,NaN,0.067673457,0.051995640,NaN,0.059524891,0.079817925,NaN,0.093925411,0.102161464,NaN,0.068235110,0.067470019,NaN,0.064075704,0.043005577,NaN,0.077812438,0.069466594,NaN,0.073771887,0.074167200,aig,69,6,11,0,52,0,0,1,NaN,aag,255,6,17,0,232,1,0,1,NaN,43,65,163,286,135,144,420,602,152,249,366,586,411,578,583,772,691,1085,0.193231112
caketaiger,k-lmcs06mutex0,0.378183536,ok,0,0.033499024,NaN,NaN,0.062258389,0.058000712,NaN,0.062304495,0.064430826,NaN,0.076156479,0.070997355,NaN,0.086513223,0.076467465,NaN,0.083071934,0.076992018,NaN,0.063776444,0.078733885,NaN,0.067264779,0.077475026,NaN,0.059074435,0.079162835,NaN,0.074143483,0.075066133,aig,113,6,13,0,94,0,1,1,NaN,aag,229,6,16,0,207,1,1,1,NaN,57,88,263,563,101,112,366,608,115,179,324,575,348,575,461,704,601,1084,0.191932275
caketaiger,k-lmcs06ring0,0.397862672,ok,0,0.045090499,NaN,NaN,0.073944081,0.049821466,NaN,0.046598323,0.047933812,NaN,0.079432413,0.068550732,NaN,0.049503789,0.055338260,NaN,0.075866557,0.078810052,NaN,0.071349439,0.082274579,NaN,0.085220524,0.078192990,NaN,0.077417785,0.095753403,NaN,0.074225693,0.108359406,aig,100,10,15,0,75,0,0,1,3,aag,377,10,22,0,345,1,0,1,3,55,85,219,382,204,229,630,890,231,386,554,877,612,851,866,1148,1022,1566,0.197677547
caketaiger,k-lmcs06short0,0.366227214,ok,0,0.028573984,NaN,NaN,0.075780616,0.076190828,NaN,0.057058848,0.076514206,NaN,0.052170878,0.056823005,NaN,0.067077480,0.060796623,NaN,0.062950439,0.058740507,NaN,0.061790559,0.056767967,NaN,0.052793162,0.050673222,NaN,0.091039382,0.073072141,NaN,0.089541950,0.080096215,aig,71,8,10,0,53,0,0,1,NaN,aag,135,8,12,0,115,1,0,1,NaN,40,60,160,282,51,50,212,326,65,97,187,303,204,310,264,374,359,599,0.189376304
caketaiger,k-lmcs06srg5p0,0.381810831,ok,0,0.051605943,NaN,NaN,0.089407594,0.063762583,NaN,0.053311539,0.068991789,NaN,0.074642378,0.051177967,NaN,0.062654925,0.071345196,NaN,0.067047748,0.083089347,NaN,0.065084516,0.075845432,NaN,0.063266791,0.049542876,NaN,0.075254635,0.075273186,NaN,0.098442078,0.064824791,aig,394,39,46,0,309,0,0,1,NaN,aag,690,39,54,0,597,1,0,1,NaN,148,240,827,1598,218,238,1005,1587,298,487,929,1572,992,1553,1265,1865,1746,2969,0.182441676
caketaiger,l2s-6s217,15.276150375,ok,441,14.411825309,NaN,NaN,0.087408605,0.137087614,NaN,0.583634622,0.567269247,NaN,0.096532814,0.115872099,NaN,0.136724228,0.130646392,NaN,0.068321914,0.075777272,NaN,0.193218741,0.170933227,NaN,0.164413898,0.169427749,NaN,0.136495335,0.154917626,NaN,0.221809432,0.208143273,aig,10730,106,1737,0,8887,0,13,2,2,aag,12610,106,1743,0,10761,1,13,2,2,6018,9830,27363,56599,1005,1306,17372,33386,3965,5938,16528,32107,16580,32163,17238,32928,30946,63704,0.716330860
caketaiger,l2s-cuabq2f,29.939053582,ok,47,29.522452191,NaN,NaN,0.070794394,0.074358583,NaN,0.060868760,0.087194615,NaN,0.110719518,0.064762221,NaN,0.063516570,0.095511301,NaN,0.070577564,0.073328606,NaN,0.156736504,0.185765174,NaN,0.115767383,0.086149666,NaN,0.055752187,0.083203649,NaN,0.098900734,0.078273890,aig,946,6,61,4,879,0,0,2,NaN,aag,2468,6,71,0,2391,1,0,2,NaN,193,315,2078,3170,1396,1616,3963,5198,1481,2607,3868,5847,3954,5167,5428,6889,6508,8857,0.265377876
caketaiger,l2s-cuabq2mf,0.451830654,ok,0,0.094873981,NaN,NaN,0.092816749,0.059839180,NaN,0.066888212,0.083512303,NaN,0.085208121,0.067117086,NaN,0.060840651,0.062353800,NaN,0.079329181,0.082570299,NaN,0.073252480,0.100870531,NaN,0.105273795,0.094035402,NaN,0.102445769,0.087247685,NaN,0.101571963,0.091172950,aig,496,6,35,4,455,0,0,2,NaN,aag,997,6,45,0,946,1,0,2,NaN,115,185,1100,1746,382,430,1445,2062,434,730,1350,2098,1436,2031,1896,2567,2493,3771,0.205177032
caketaiger,l2s-cuabq4f,1.323301474,ok,195,0.432989246,NaN,NaN,0.099262207,0.067793635,NaN,0.153087010,0.146570789,NaN,0.154875808,0.119254635,NaN,0.140098047,0.136695046,NaN,0.128411243,0.150514805,NaN,0.663798644,0.646041021,NaN,0.184305530,0.192487853,NaN,0.171547286,0.154176198,NaN,0.163704602,0.174072495,aig,1864,8,119,6,1737,0,0,2,NaN,aag,5201,8,135,0,5058,1,0,2,NaN,367,605,4084,6206,3123,3552,8507,10862,3288,5900,8358,12602,8494,10815,11745,14539,13849,18295,0.741365781
caketaiger,l2s-cuabq4mf,2.466892288,ok,66,2.078227965,NaN,NaN,0.086351088,0.080213709,NaN,0.073377790,0.070190460,NaN,0.119803072,0.096171812,NaN,0.092480942,0.112558911,NaN,0.124064364,0.108497462,NaN,0.157599471,0.121526448,NaN,0.073068759,0.115973289,NaN,0.067590049,0.087093063,NaN,0.091688571,0.102834294,aig,964,8,67,6,889,0,0,2,NaN,aag,2699,8,83,0,2608,1,0,2,NaN,211,345,2128,3358,1537,1749,4351,5728,1634,2897,4202,6424,4338,5681,6003,7602,7139,9830,0.238685475
caketaiger,l2s-cucnt3,0.368156906,ok,0,0.024916472,NaN,NaN,0.052679392,0.054779787,NaN,0.060388169,0.040949308,NaN,0.050254963,0.061548179,NaN,0.065480838,0.060175324,NaN,0.087941876,0.075270029,NaN,0.068502092,0.070275834,NaN,0.078276413,0.072431143,NaN,0.083166698,0.069435821,NaN,0.083024274,0.082554210,aig,22,0,3,1,19,0,0,2,NaN,aag,257,0,19,0,238,1,0,2,NaN,19,25,65,102,86,93,372,564,106,161,254,426,368,529,562,760,653,1146,0.189855386
caketaiger,l2s-cugcd,2.134204324,ok,704,0.430997203,NaN,NaN,0.160338974,0.159926004,NaN,0.150666668,0.154273309,NaN,0.135806455,0.114483932,NaN,0.158183434,0.121397283,NaN,0.174932922,0.149919612,NaN,1.431638484,1.434494480,NaN,0.200205943,0.186000298,NaN,0.276182481,0.241051831,NaN,0.245811976,0.215663265,aig,844,18,47,1,779,0,0,2,NaN,aag,17796,18,79,0,17699,1,0,2,NaN,151,245,1823,3052,16620,19604,34527,41485,16723,30321,34298,51672,34524,41418,51362,61304,52408,63589,1.545481563
caketaiger,l2s-culock,2.099012540,ok,876,0.557436165,NaN,NaN,0.085663153,0.071634290,NaN,0.158287422,0.149800151,NaN,0.109882831,0.126978994,NaN,0.188092413,0.169045973,NaN,0.162916646,0.172558708,NaN,1.266919437,1.267773225,NaN,0.274691157,0.250418359,NaN,0.325212751,0.315650884,NaN,0.296387698,0.274524504,aig,172,3,11,2,158,0,0,2,NaN,aag,23175,3,271,0,22901,1,0,2,NaN,43,65,386,768,20312,23449,43860,52782,20674,37753,42026,63913,43854,52254,66078,78047,67311,83936,1.381990429
caketaiger,l2s-cunim1,988.075360931,ok,26004,18.815109162,NaN,NaN,0.041149092,0.037081321,NaN,0.071956386,0.073593550,NaN,0.845890916,0.820410794,NaN,2.652717783,2.559759912,NaN,1.728626035,1.683271691,NaN,968.944080518,968.971024953,NaN,3.130254616,3.047055622,NaN,4.818350226,4.693172885,NaN,4.751056955,4.621347888,aig,1143,6,32,2,1105,0,0,2,NaN,aag,527139,6,100,0,527033,1,0,2,NaN,106,170,2384,4088,525308,581962,1052566,1167485,525416,993949,1052076,1578539,1052560,1167340,1578346,1749918,1579810,1753483,969.048133814
caketaiger,l2s-cunim2,117.068126320,ok,24210,6.789834025,NaN,NaN,0.066466734,0.053586409,NaN,0.114019130,0.117169803,NaN,0.448080692,0.428873348,NaN,1.019530100,0.975723880,NaN,0.741564699,0.732756357,NaN,109.946816216,109.994270106,NaN,1.221317400,1.176522749,NaN,1.702740696,1.654312810,NaN,1.501796324,1.460747363,aig,1170,7,34,2,1129,0,0,2,NaN,aag,258192,7,102,0,258083,1,0,2,NaN,112,180,2443,4220,256334,284338,514648,572307,256444,484646,514157,771676,514641,572162,771455,857116,772946,860751,110.074495955
caketaiger,l2s-cusarb16,0.390373281,ok,0,0.051720842,NaN,NaN,0.047112915,0.063505905,NaN,0.066500192,0.039242378,NaN,0.040947544,0.044991702,NaN,0.051275459,0.066806865,NaN,0.083288663,0.066650795,NaN,0.081222947,0.079767749,NaN,0.071848229,0.061061210,NaN,0.092782673,0.089596799,NaN,0.108955654,0.082405886,aig,145,17,50,1,78,0,0,2,NaN,aag,1591,17,82,0,1492,1,0,2,NaN,160,260,435,860,1105,1447,2819,4081,1220,1960,2590,4055,2816,4014,4141,5743,4498,6938,0.191884067
caketaiger,l2s-cutarb4,0.557268456,ok,34,0.083809896,NaN,NaN,0.078586296,0.073266917,NaN,0.075518680,0.068913388,NaN,0.058935509,0.052049909,NaN,0.070984719,0.093859227,NaN,0.074227673,0.058600640,NaN,0.213960187,0.211587754,NaN,0.083631983,0.089476784,NaN,0.076640382,0.090266051,NaN,0.074674548,0.081845879,aig,510,5,19,5,486,0,0,2,NaN,aag,3141,5,45,0,3091,1,0,2,NaN,67,105,1084,2390,2352,2809,5559,7466,2398,4238,5342,8473,5544,7397,8092,10462,8747,12306,0.328181141
caketaiger,l2s-cutarb8,2.111754362,ok,758,0.439360897,NaN,NaN,0.108007527,0.091275163,NaN,0.191040357,0.155173015,NaN,0.177063450,0.101970456,NaN,0.181385966,0.172984869,NaN,0.109661594,0.127511080,NaN,1.424038023,1.402431894,NaN,0.192765968,0.195028169,NaN,0.302372348,0.277511453,NaN,0.183635399,0.207069326,aig,1122,9,39,9,1074,0,0,2,NaN,aag,19175,9,89,0,19077,1,0,2,NaN,127,205,2364,5238,17504,20699,36807,45282,17600,31827,36394,55596,36780,45153,54670,66348,56069,70216,1.523551635
caketaiger,l2s-cutf1,436.556577706,ok,26004,19.700274967,NaN,NaN,0.065894727,0.059679167,NaN,0.071064798,0.063887445,NaN,0.901380763,0.853988576,NaN,2.572480829,2.504668951,NaN,1.740045698,1.672552446,NaN,416.530622362,416.554853471,NaN,2.562603236,2.472096345,NaN,8.306393297,8.320241202,NaN,3.580650795,3.470346470,aig,669,8,35,2,626,0,0,2,NaN,aag,560161,8,55,0,560098,1,0,2,NaN,115,185,1445,2608,559288,608129,1119517,1218069,559347,1069735,1119364,1679311,1119512,1218022,1678940,1826335,1679738,1828152,416.640164679
caketaiger,l2s-cutf3,0.402952499,ok,0,0.046868193,NaN,NaN,0.075920938,0.055043489,NaN,0.110312259,0.080467815,NaN,0.052772295,0.094529789,NaN,0.085884886,0.031875947,NaN,0.094653195,0.098884370,NaN,0.112312596,0.105038666,NaN,0.061220049,0.053290261,NaN,0.093949979,0.092493713,NaN,0.088844120,0.100741005,aig,669,8,35,7,626,0,0,2,NaN,aag,1430,8,53,0,1369,1,0,2,NaN,115,185,1445,2608,540,624,2070,3127,604,1022,1883,3105,2037,3044,2723,3864,3540,5709,0.206984996
caketaiger,l2s-lmcs06bc57sp,0.614598669,ok,35,0.117826819,NaN,NaN,0.097359119,0.101984300,NaN,0.132706256,0.116313055,NaN,0.072225715,0.063864822,NaN,0.107319918,0.097129372,NaN,0.082436731,0.087630686,NaN,0.268086338,0.246929427,NaN,0.085127501,0.094832559,NaN,0.108702425,0.120177150,NaN,0.096979952,0.108475816,aig,1691,66,129,0,1496,0,1,3,2,aag,4574,66,150,0,4358,1,1,3,2,415,683,3373,7490,2651,3095,7634,11488,2841,4989,7241,12290,7421,11042,10237,14351,12171,19286,0.346545885
caketaiger,l2s-lmcs06brp,0.430236912,ok,0,0.056311942,NaN,NaN,0.063505078,0.058612464,NaN,0.085979776,0.075030571,NaN,0.071783971,0.053374169,NaN,0.073104199,0.067940935,NaN,0.085997621,0.076009595,NaN,0.096256822,0.086252380,NaN,0.077517861,0.048626123,NaN,0.102529487,0.094110189,NaN,0.086860225,0.097763117,aig,902,47,89,0,766,0,1,2,NaN,aag,1756,47,98,0,1611,1,1,2,NaN,311,507,1982,4156,757,861,2721,4345,879,1505,2559,4456,2640,4174,3453,5108,4510,7645,0.222706101
caketaiger,l2s-lmcs06counter0,0.381783578,ok,0,0.026249171,NaN,NaN,0.043427270,0.055766553,NaN,0.043409015,0.050094809,NaN,0.052894928,0.075546370,NaN,0.060777520,0.096066651,NaN,0.076699181,0.076515997,NaN,0.070717150,0.061268849,NaN,0.077709704,0.094657686,NaN,0.074071506,0.070624806,NaN,0.076579801,0.080055689,aig,69,6,11,0,52,0,0,1,NaN,aag,255,6,17,0,232,1,0,1,NaN,43,65,163,286,135,144,420,602,152,249,366,586,411,578,583,772,691,1085,0.195687371
caketaiger,l2s-lmcs06mutex0,0.380353622,ok,0,0.027087245,NaN,NaN,0.071939386,0.066620478,NaN,0.043123320,0.040069113,NaN,0.049508876,0.055731557,NaN,0.066715164,0.070893083,NaN,0.089210274,0.101196121,NaN,0.063892424,0.061795989,NaN,0.106531592,0.051912646,NaN,0.052129586,0.078908038,NaN,0.079429635,0.088586489,aig,113,6,13,0,94,0,1,1,NaN,aag,229,6,16,0,207,1,1,1,NaN,57,88,263,563,101,112,366,608,115,179,324,575,348,575,461,704,601,1084,0.197633942
caketaiger,l2s-lmcs06ring0,0.369621909,ok,0,0.029634550,NaN,NaN,0.070625932,0.093921088,NaN,0.033694505,0.045503213,NaN,0.041703123,0.052685520,NaN,0.051451612,0.055758634,NaN,0.113478954,0.077985322,NaN,0.069317772,0.068892150,NaN,0.063852431,0.050285316,NaN,0.081092514,0.100700431,NaN,0.083195974,0.073873693,aig,100,10,15,0,75,0,0,1,3,aag,377,10,22,0,345,1,0,1,3,55,85,219,382,204,229,630,890,231,386,554,877,612,851,866,1148,1022,1566,0.190039032
caketaiger,l2s-lmcs06short0,0.371606993,ok,0,0.024988648,NaN,NaN,0.064283998,0.065159985,NaN,0.054178702,0.037298118,NaN,0.070379500,0.065662916,NaN,0.075775888,0.066653573,NaN,0.082738727,0.101783367,NaN,0.075139381,0.048175327,NaN,0.078931968,0.083115559,NaN,0.074740463,0.094813915,NaN,0.065201063,0.084656334,aig,71,8,10,0,53,0,0,1,NaN,aag,135,8,12,0,115,1,0,1,NaN,40,60,160,282,51,50,212,326,65,97,187,303,204,310,264,374,359,599,0.187807982
caketaiger,l2s-lmcs06srg5p0,0.372333224,ok,0,0.033021598,NaN,NaN,0.071315719,0.061677350,NaN,0.073391515,0.054993724,NaN,0.061697751,0.052603284,NaN,0.048779033,0.059254596,NaN,0.085665353,0.082641966,NaN,0.049445870,0.058107914,NaN,0.055843241,0.052821477,NaN,0.076148399,0.073806346,NaN,0.077079708,0.055436572,aig,394,39,46,0,309,0,0,1,NaN,aag,690,39,54,0,597,1,0,1,NaN,148,240,827,1598,218,238,1005,1587,298,487,929,1572,992,1553,1265,1865,1746,2969,0.188699106
caketaiger,rlive-6s217,1.156838115,ok,361,0.327576485,NaN,NaN,0.073208037,0.082635651,NaN,0.543856620,0.513794575,NaN,0.085998003,0.090169849,NaN,0.110332271,0.100369234,NaN,0.107405552,0.122930840,NaN,0.167874594,0.154337365,NaN,0.165595243,0.139625487,NaN,0.175999807,0.195870235,NaN,0.236643083,0.233122865,aig,10730,106,1737,0,8887,0,13,2,2,aag,12610,106,1743,0,10761,1,13,2,2,6018,9830,27363,56599,1005,1306,17372,33386,3965,5938,16528,32107,16580,32163,17238,32928,30946,63704,0.663010510
caketaiger,rlive-cucnt3,0.369409814,ok,0,0.024451382,NaN,NaN,0.058893820,0.069303578,NaN,0.047284656,0.059452733,NaN,0.049726306,0.062617408,NaN,0.075799117,0.053496841,NaN,0.084066898,0.063509480,NaN,0.057760613,0.051886892,NaN,0.064615240,0.041910268,NaN,0.080756630,0.085707931,NaN,0.080702348,0.071872671,aig,22,0,3,1,19,0,0,2,NaN,aag,257,0,19,0,238,1,0,2,NaN,19,25,65,102,86,93,372,564,106,161,254,426,368,529,562,760,653,1146,0.187886727
caketaiger,rlive-culock,2.025765589,ok,748,0.507836679,NaN,NaN,0.117138714,0.144425325,NaN,0.120311459,0.079220837,NaN,0.134951351,0.165087332,NaN,0.199928016,0.199969689,NaN,0.132222598,0.165300771,NaN,1.262508118,1.251425949,NaN,0.204531237,0.222696889,NaN,0.347124976,0.342614844,NaN,0.252846833,0.280210674,aig,172,3,11,2,158,0,0,2,NaN,aag,23175,3,271,0,22901,1,0,2,NaN,43,65,386,768,20312,23449,43860,52782,20674,37753,42026,63913,43854,52254,66078,78047,67311,83936,1.358351483
caketaiger,rlive-cutarb4,0.582195613,ok,31,0.085608587,NaN,NaN,0.082090641,0.087376972,NaN,0.079687007,0.076812061,NaN,0.062990861,0.063264320,NaN,0.085035731,0.083516317,NaN,0.071370486,0.077606815,NaN,0.235296063,0.238503707,NaN,0.103327819,0.103490034,NaN,0.130430072,0.112940269,NaN,0.077084466,0.074178271,aig,510,5,19,5,486,0,0,2,NaN,aag,3141,5,45,0,3091,1,0,2,NaN,67,105,1084,2390,2352,2809,5559,7466,2398,4238,5342,8473,5544,7397,8092,10462,8747,12306,0.333924026
caketaiger,rlive-lmcs06brp,0.437344068,ok,0,0.057666237,NaN,NaN,0.066085281,0.062530545,NaN,0.078314192,0.057533445,NaN,0.053955248,0.054481520,NaN,0.096985794,0.079981916,NaN,0.088046599,0.056629112,NaN,0.083840556,0.090325584,NaN,0.092739194,0.077562156,NaN,0.097270335,0.077953134,NaN,0.087906248,0.083922990,aig,902,47,89,0,766,0,1,2,NaN,aag,1756,47,98,0,1611,1,1,2,NaN,311,507,1982,4156,757,861,2721,4345,879,1505,2559,4456,2640,4174,3453,5108,4510,7645,0.221543050
caketaiger,rlive-lmcs06counter0,0.403926758,ok,0,0.027250017,NaN,NaN,0.054218022,0.056463883,NaN,0.033690338,0.046261919,NaN,0.068793867,0.073684057,NaN,0.070848999,0.054315417,NaN,0.066518292,0.062794602,NaN,0.081845890,0.067374526,NaN,0.087359546,0.064817236,NaN,0.086785458,0.071918352,NaN,0.094575729,0.084575135,aig,69,6,11,0,52,0,0,1,NaN,aag,255,6,17,0,232,1,0,1,NaN,43,65,163,286,135,144,420,602,152,249,366,586,411,578,583,772,691,1085,0.200483638
caketaiger,rlive-lmcs06mutex0,0.363037366,ok,0,0.025433701,NaN,NaN,0.048516144,0.035756366,NaN,0.043705392,0.042411993,NaN,0.052051632,0.051868370,NaN,0.058569762,0.057935570,NaN,0.073182943,0.064630598,NaN,0.074184289,0.067122209,NaN,0.048820399,0.065746815,NaN,0.070632467,0.064742979,NaN,0.068647554,0.073683108,aig,113,6,13,0,94,0,1,1,NaN,aag,229,6,16,0,207,1,1,1,NaN,57,88,263,563,101,112,366,608,115,179,324,575,348,575,461,704,601,1084,0.184001982
caketaiger,rlive-lmcs06short0,0.365370708,ok,0,0.024031731,NaN,NaN,0.069192265,0.063692492,NaN,0.045492166,0.047027753,NaN,0.054076910,0.068821925,NaN,0.061316067,0.062092154,NaN,0.073909676,0.099361762,NaN,0.067151363,0.052453479,NaN,0.055785882,0.065908395,NaN,0.070230075,0.080185540,NaN,0.083623927,0.083132699,aig,71,8,10,0,53,0,0,1,NaN,aag,135,8,12,0,115,1,0,1,NaN,40,60,160,282,51,50,212,326,65,97,187,303,204,310,264,374,359,599,0.191034369
caketaiger,stable-6s217,1.150581587,ok,381,0.317597213,NaN,NaN,0.117026263,0.123790657,NaN,0.528824729,0.505217453,NaN,0.085023650,0.085154130,NaN,0.138679365,0.136151627,NaN,0.073014875,0.075134512,NaN,0.170863627,0.149893078,NaN,0.098630402,0.099715271,NaN,0.113920080,0.130336322,NaN,0.168183705,0.170352927,aig,10730,106,1737,0,8887,0,13,2,2,aag,12610,106,1743,0,10761,1,13,2,2,6018,9830,27363,56599,1005,1306,17372,33386,3965,5938,16528,32107,16580,32163,17238,32928,30946,63704,0.652309550
caketaiger,stable-cuabq2f,0.473178158,ok,31,0.068314853,NaN,NaN,0.070598480,0.072000674,NaN,0.078634972,0.076979970,NaN,0.085725477,0.073914196,NaN,0.109799325,0.095126459,NaN,0.085102101,0.087516528,NaN,0.179413942,0.163757900,NaN,0.053967726,0.067691935,NaN,0.086466282,0.090380994,NaN,0.088178459,0.079914831,aig,946,6,61,4,879,0,0,2,NaN,aag,2468,6,71,0,2391,1,0,2,NaN,193,315,2078,3170,1396,1616,3963,5198,1481,2607,3868,5847,3954,5167,5428,6889,6508,8857,0.250262360
caketaiger,stable-cuabq2mf,0.387528357,ok,0,0.037827916,NaN,NaN,0.059846455,0.076904816,NaN,0.056381526,0.060692551,NaN,0.072367695,0.067082243,NaN,0.071778612,0.063158973,NaN,0.092912567,0.073770011,NaN,0.078139122,0.083622290,NaN,0.081822399,0.081423771,NaN,0.058603671,0.096310661,NaN,0.065218943,0.083758282,aig,496,6,35,4,455,0,0,2,NaN,aag,997,6,45,0,946,1,0,2,NaN,115,185,1100,1746,382,430,1445,2062,434,730,1350,2098,1436,2031,1896,2567,2493,3771,0.193867135
caketaiger,stable-cuabq4f,0.631245955,ok,195,0.127738480,NaN,NaN,0.084868227,0.101615182,NaN,0.117116548,0.132644713,NaN,0.093022917,0.083395981,NaN,0.069844875,0.079718268,NaN,0.106932545,0.103353178,NaN,0.224861319,0.244761129,NaN,0.114398478,0.114963855,NaN,0.114861863,0.112065278,NaN,0.129853939,0.126698664,aig,1864,8,119,6,1737,0,0,2,NaN,aag,5201,8,135,0,5058,1,0,2,NaN,367,605,4084,6206,3123,3552,8507,10862,3288,5900,8358,12602,8494,10815,11745,14539,13849,18295,0.347898758
caketaiger,stable-cuabq4mf,0.465910253,ok,0,0.071329759,NaN,NaN,0.046145253,0.075162754,NaN,0.079281068,0.079982728,NaN,0.065629537,0.067962963,NaN,0.066572902,0.085385094,NaN,0.081575939,0.105443276,NaN,0.123051565,0.110351139,NaN,0.059235202,0.050950468,NaN,0.100555875,0.100246099,NaN,0.101411517,0.084853135,aig,964,8,67,6,889,0,0,2,NaN,aag,2699,8,83,0,2608,1,0,2,NaN,211,345,2128,3358,1537,1749,4351,5728,1634,2897,4202,6424,4338,5681,6003,7602,7139,9830,0.242957112
caketaiger,stable-cucnt3,0.378364321,ok,0,0.024532339,NaN,NaN,0.065751246,0.064115211,NaN,0.053860264,0.055545475,NaN,0.040123813,0.050957620,NaN,0.062694501,0.070391106,NaN,0.059560236,0.079260325,NaN,0.072932084,0.075041891,NaN,0.064105464,0.054100747,NaN,0.067083852,0.101225636,NaN,0.079870520,0.073619562,aig,22,0,3,1,19,0,0,2,NaN,aag,257,0,19,0,238,1,0,2,NaN,19,25,65,102,86,93,372,564,106,161,254,426,368,529,562,760,653,1146,0.185931197
caketaiger,stable-cuffl,3.066090114,ok,1154,0.690908346,NaN,NaN,0.104248680,0.078026644,NaN,0.179012763,0.180695340,NaN,0.156475853,0.177667894,NaN,0.236469875,0.234878995,NaN,0.232304719,0.237898751,NaN,2.104530805,2.116615396,NaN,0.281674435,0.264125041,NaN,0.289948444,0.288613466,NaN,0.307945555,0.317816362,aig,1636,9,151,0,1476,0,0,3,NaN,aag,31547,9,199,0,31339,1,0,3,NaN,463,765,3072,5008,29630,33262,61527,70325,29970,56044,61183,92068,61523,70224,91497,103915,93280,107723,2.213697380
caketaiger,stable-cufq1,751.507657623,ok,26030,18.506422110,NaN,NaN,0.054112559,0.059066206,NaN,0.105966885,0.097738854,NaN,1.153312174,1.106749970,NaN,2.994401525,2.894965080,NaN,2.035436501,1.975335260,NaN,732.627839171,732.687269504,NaN,2.920974901,2.824241347,NaN,5.062753622,4.901900168,NaN,4.322547068,4.177702044,aig,2340,20,134,5,2186,0,0,2,NaN,aag,726351,20,160,0,726171,1,0,2,NaN,412,680,5074,8944,723657,788537,1450260,1582425,723893,1382650,1450047,2175775,1450249,1582360,2174100,2371153,2176777,2376504,732.759510709
caketaiger,stable-cugcd,2.122586067,ok,556,0.413796007,NaN,NaN,0.154396721,0.125742283,NaN,0.135969901,0.147664251,NaN,0.136103553,0.145836834,NaN,0.160803495,0.182527734,NaN,0.166435700,0.160225307,NaN,1.451503942,1.471544106,NaN,0.194027313,0.195330417,NaN,0.232290213,0.216732722,NaN,0.190708989,0.200513114,aig,844,18,47,1,779,0,0,2,NaN,aag,17796,18,79,0,17699,1,0,2,NaN,151,245,1823,3052,16620,19604,34527,41485,16723,30321,34298,51672,34524,41418,51362,61304,52408,63589,1.559900627
caketaiger,stable-culock,2.061075121,ok,744,0.515907600,NaN,NaN,0.097156562,0.114368630,NaN,0.082729570,0.075436679,NaN,0.156476904,0.141367170,NaN,0.236189815,0.227841033,NaN,0.146624254,0.136582149,NaN,1.287436828,1.297356190,NaN,0.260858185,0.219626815,NaN,0.351310702,0.342061431,NaN,0.258526204,0.236766826,aig,172,3,11,2,158,0,0,2,NaN,aag,23175,3,271,0,22901,1,0,2,NaN,43,65,386,768,20312,23449,43860,52782,20674,37753,42026,63913,43854,52254,66078,78047,67311,83936,1.388855790
caketaiger,stable-cunim1,1290.160998225,ok,26001,14.845839788,NaN,NaN,0.057361899,0.074651043,NaN,0.088798453,0.100842754,NaN,0.842691661,0.818855082,NaN,2.425759066,2.327590944,NaN,1.626713940,1.562983240,NaN,1274.996788423,1274.998514227,NaN,2.904412002,2.826345229,NaN,4.191347520,4.067557370,NaN,4.090915606,3.974466007,aig,1143,6,32,2,1105,0,0,2,NaN,aag,527139,6,100,0,527033,1,0,2,NaN,106,170,2384,4088,525308,581962,1052566,1167485,525416,993949,1052076,1578539,1052560,1167340,1578346,1749918,1579810,1753483,1275.109517044
caketaiger,stable-cunim2,116.006310243,ok,24191,6.509834779,NaN,NaN,0.063723689,0.050272331,NaN,0.062364433,0.076680707,NaN,0.447742718,0.429340607,NaN,1.072379638,1.038790540,NaN,0.747557183,0.720423789,NaN,109.212409770,109.241901793,NaN,1.181585188,1.134762328,NaN,1.710333821,1.642111358,NaN,1.515939489,1.457619644,aig,1170,7,34,2,1129,0,0,2,NaN,aag,258192,7,102,0,258083,1,0,2,NaN,112,180,2443,4220,256334,284338,514648,572307,256444,484646,514157,771676,514641,572162,771455,857116,772946,860751,109.313186533
caketaiger,stable-cusarb16,0.382050300,ok,0,0.052814308,NaN,NaN,0.069974907,0.071345915,NaN,0.069685553,0.058664345,NaN,0.050620633,0.043887820,NaN,0.086926442,0.062553459,NaN,0.078575213,0.074319473,NaN,0.081449403,0.063416363,NaN,0.066771441,0.057208771,NaN,0.089723777,0.094605150,NaN,0.071411136,0.068646378,aig,145,17,50,1,78,0,0,2,NaN,aag,1591,17,82,0,1492,1,0,2,NaN,160,260,435,860,1105,1447,2819,4081,1220,1960,2590,4055,2816,4014,4141,5743,4498,6938,0.183900847
caketaiger,stable-cusarb32,0.508308522,ok,202,0.137348265,NaN,NaN,0.111381773,0.080319296,NaN,0.070696910,0.075158440,NaN,0.080953913,0.078318817,NaN,0.091025326,0.086944962,NaN,0.130997388,0.091423367,NaN,0.151939211,0.160414028,NaN,0.083063208,0.089379006,NaN,0.125463259,0.154483931,NaN,0.119177303,0.117797506,aig,273,33,98,1,142,0,0,2,NaN,aag,5436,33,162,0,5241,1,0,2,NaN,304,500,819,1628,4475,5942,10141,14223,4697,7656,9688,14870,10138,14092,15057,20604,15745,22951,0.224906894
caketaiger,stable-cutarb4,0.561594174,ok,31,0.090178670,NaN,NaN,0.064144763,0.078480320,NaN,0.068426396,0.073737246,NaN,0.073276689,0.061837669,NaN,0.075854423,0.075190527,NaN,0.080564667,0.073555263,NaN,0.205371271,0.218149130,NaN,0.063936312,0.071055048,NaN,0.126706786,0.103531855,NaN,0.093292487,0.099602071,aig,510,5,19,5,486,0,0,2,NaN,aag,3141,5,45,0,3091,1,0,2,NaN,67,105,1084,2390,2352,2809,5559,7466,2398,4238,5342,8473,5544,7397,8092,10462,8747,12306,0.320099279
caketaiger,stable-cutarb8,2.123865481,ok,760,0.446651966,NaN,NaN,0.074127267,0.080565181,NaN,0.146041025,0.137804297,NaN,0.149544766,0.137863850,NaN,0.187553918,0.179580816,NaN,0.135127132,0.119972134,NaN,1.409791877,1.438199177,NaN,0.242865475,0.230008421,NaN,0.260642837,0.232759049,NaN,0.266091107,0.290833066,aig,1122,9,39,9,1074,0,0,2,NaN,aag,19175,9,89,0,19077,1,0,2,NaN,127,205,2364,5238,17504,20699,36807,45282,17600,31827,36394,55596,36780,45153,54670,66348,56069,70216,1.520454394
caketaiger,stable-cutf1,424.787990513,ok,26001,22.330356883,NaN,NaN,0.082598403,0.082267408,NaN,0.090463243,0.096454040,NaN,0.871760106,0.870673501,NaN,2.511472573,2.443499894,NaN,1.878714481,1.839714258,NaN,402.112266053,402.128743472,NaN,3.141033412,3.065189627,NaN,7.361316696,7.360062934,NaN,3.223195386,3.127989827,aig,669,8,35,2,626,0,0,2,NaN,aag,560161,8,55,0,560098,1,0,2,NaN,115,185,1445,2608,559288,608129,1119517,1218069,559347,1069735,1119364,1679311,1119512,1218022,1678940,1826335,1679738,1828152,402.241691334
caketaiger,stable-cutf3,0.398851997,ok,0,0.049655193,NaN,NaN,0.067263000,0.059556867,NaN,0.085641764,0.100507374,NaN,0.044143263,0.052787023,NaN,0.080967831,0.062633312,NaN,0.099286728,0.070019260,NaN,0.080231475,0.112947940,NaN,0.085371402,0.103318036,NaN,0.104032870,0.080531090,NaN,0.092906443,0.084988393,aig,669,8,35,7,626,0,0,2,NaN,aag,1430,8,53,0,1369,1,0,2,NaN,115,185,1445,2608,540,624,2070,3127,604,1022,1883,3105,2037,3044,2723,3864,3540,5709,0.193453029
caketaiger,stable-cutq1,1219.125232479,ok,26034,18.935114198,NaN,NaN,0.034853189,0.066418821,NaN,0.081355239,0.070302405,NaN,1.251246933,1.196125304,NaN,2.985928525,2.886244748,NaN,2.228408528,2.136115320,NaN,1199.826482870,1199.863330380,NaN,3.072209587,2.964945204,NaN,5.239094888,5.042178986,NaN,5.035403152,4.872695497,aig,1223,11,68,3,1144,0,0,2,NaN,aag,813888,11,90,0,813787,1,0,2,NaN,214,350,2651,4708,812419,884697,1626429,1772379,812529,1552603,1626256,2439788,1626422,1772326,2438999,2657231,2440413,2660220,1199.943907073
caketaiger,stable-lmcs06bc57sp,0.617859672,ok,35,0.122169417,NaN,NaN,0.078657437,0.072184946,NaN,0.147747315,0.117196112,NaN,0.063329188,0.066590988,NaN,0.105074504,0.096073051,NaN,0.086563377,0.087643431,NaN,0.243319127,0.244949720,NaN,0.056432835,0.099437948,NaN,0.113694531,0.112265371,NaN,0.130496875,0.098510056,aig,1691,66,129,0,1496,0,1,3,2,aag,4574,66,150,0,4358,1,1,3,2,415,683,3373,7490,2651,3095,7634,11488,2841,4989,7241,12290,7421,11042,10237,14351,12171,19286,0.343778398
caketaiger,stable-lmcs06brp,0.427422179,ok,0,0.064309779,NaN,NaN,0.068751959,0.057319184,NaN,0.066933529,0.083987712,NaN,0.058688718,0.061041502,NaN,0.072496328,0.071398198,NaN,0.072072068,0.060151168,NaN,0.075045665,0.117615386,NaN,0.067465953,0.075733714,NaN,0.081395289,0.077120129,NaN,0.087024931,0.068594582,aig,902,47,89,0,766,0,1,2,NaN,aag,1756,47,98,0,1611,1,1,2,NaN,311,507,1982,4156,757,861,2721,4345,879,1505,2559,4456,2640,4174,3453,5108,4510,7645,0.209419008
caketaiger,stable-lmcs06counter0,0.355423713,ok,0,0.024889449,NaN,NaN,0.051987650,0.059911754,NaN,0.063679740,0.052302065,NaN,0.055794718,0.052693192,NaN,0.051995752,0.067555715,NaN,0.085678993,0.073610477,NaN,0.049502431,0.059302537,NaN,0.060451529,0.084623248,NaN,0.072461921,0.078914551,NaN,0.054985361,0.062891191,aig,69,6,11,0,52,0,0,1,NaN,aag,255,6,17,0,232,1,0,1,NaN,43,65,163,286,135,144,420,602,152,249,366,586,411,578,583,772,691,1085,0.181161543
caketaiger,stable-lmcs06mutex0,0.358485801,ok,0,0.025849823,NaN,NaN,0.059266998,0.059378981,NaN,0.041493811,0.052049239,NaN,0.050029194,0.043915912,NaN,0.059041168,0.071159597,NaN,0.082273369,0.071815151,NaN,0.070653740,0.056855646,NaN,0.070556154,0.058007662,NaN,0.058468984,0.077064973,NaN,0.093794787,0.077600495,aig,113,6,13,0,94,0,1,1,NaN,aag,229,6,16,0,207,1,1,1,NaN,57,88,263,563,101,112,366,608,115,179,324,575,348,575,461,704,601,1084,0.182690877
caketaiger,stable-lmcs06ring0,0.359651398,ok,0,0.028176769,NaN,NaN,0.079287110,0.048962760,NaN,0.058570551,0.062534856,NaN,0.037672941,0.053963392,NaN,0.059169714,0.049086147,NaN,0.082431896,0.079849410,NaN,0.062444388,0.066144919,NaN,0.062632513,0.068899939,NaN,0.066358140,0.075498682,NaN,0.085186731,0.079653037,aig,100,10,15,0,75,0,0,1,3,aag,377,10,22,0,345,1,0,1,3,55,85,219,382,204,229,630,890,231,386,554,877,612,851,866,1148,1022,1566,0.182029222
caketaiger,stable-lmcs06short0,0.365004948,ok,0,0.029663415,NaN,NaN,0.060797724,0.065668565,NaN,0.034681461,0.050553082,NaN,0.057496434,0.059066953,NaN,0.042352334,0.062928369,NaN,0.069229628,0.089663645,NaN,0.067368995,0.050409355,NaN,0.053436586,0.067953226,NaN,0.067047026,0.074052857,NaN,0.103929282,0.080173141,aig,71,8,10,0,53,0,0,1,NaN,aag,135,8,12,0,115,1,0,1,NaN,40,60,160,282,51,50,212,326,65,97,187,303,204,310,264,374,359,599,0.181243758
caketaiger,stable-lmcs06srg5p0,0.376418009,ok,0,0.036978706,NaN,NaN,0.057907829,0.053893512,NaN,0.057975248,0.055301645,NaN,0.051587340,0.053785327,NaN,0.067331564,0.063893778,NaN,0.063670526,0.065834262,NaN,0.046626255,0.060024460,NaN,0.099389727,0.065527944,NaN,0.070513246,0.078980191,NaN,0.084331916,0.067005502,aig,394,39,46,0,309,0,0,1,NaN,aag,690,39,54,0,597,1,0,1,NaN,148,240,827,1598,218,238,1005,1587,298,487,929,1572,992,1553,1265,1865,1746,2969,0.185086793
