dir,name,time,memory,status,proof_checker,aig_format,aig_M,aig_I,aig_L,aig_O,aig_A,aig_B,aig_C,aig_J,aig_F,aig_vars,t_total,generation,solve_Reset,solve_Transition,solve_Safety,solve_Liveness,solve_Base,solve_Inductive,solve_Decrease,solve_Closure,solve_Consistent,check_Reset,check_Transition,check_Safety,check_Liveness,check_Base,check_Inductive,check_Decrease,check_Closure,check_Consistent,old_dir,old_name,old_source,estimate
certifaiger,k-6s217,0.857072386,179,ok,cake_lrup,aig,10730,106,1737,0,8887,0,13,2,2,10730,0.566082125,0.280425176,0.123654687,0.403873952,0.084398611,0.120897669,0.128562661,0.125109863,0.129628566,0.108665701,0.132432578,0.138127282,0.399057725,0.093369519,0.133461449,0.107224229,0.123315752,0.126958852,0.138757567,0.153729033,certifaiger-default,multi__reconstructed-6s217,/home/froleyks/cake-tiger__exp--20260825T121849/caketiger/multi/data,same-runtime-for-model-certificates
certifaiger,k-arbi0s08p03,360.062451898,26001,ok,cake_lrup,aig,641,16,40,0,585,0,0,1,0,641,359.728492279,0.373305422,0.046454192,0.176819998,0.138242103,0.779264395,0.394416036,359.453866530,1.070676200,0.782185931,0.824936775,0.103765210,0.236912161,0.357165296,0.775837511,0.416803451,359.516703693,1.084384754,0.797785284,0.836510689,certifaiger-default,multi__original-live-2017-arbi0s08p03,/home/froleyks/cake-tiger__exp--20260825T121849/caketiger/multi/data,same-runtime-for-model-certificates
certifaiger,k-cuabq2f,0.324658678,0,ok,cake_lrup,aig,946,6,61,4,879,0,0,2,0,946,0.223907599,0.072995754,0.054739391,0.030201419,0.040718587,0.026815229,0.044988227,0.089702074,0.061692904,0.035427395,0.035392920,0.048562518,0.054895929,0.059995511,0.050122673,0.039613436,0.104174166,0.076779171,0.048891261,0.070397794,certifaiger-default,multi__reconstructed-cuabq2f,/home/froleyks/cake-tiger__exp--20260825T121849/caketiger/multi/data,same-runtime-for-model-certificates
certifaiger,k-cuabq2mf,0.292668653,0,ok,cake_lrup,aig,496,6,35,4,455,0,0,2,0,496,0.195716326,0.067301987,0.041089924,0.036724719,0.047315120,0.045340400,0.033064899,0.045252497,0.037047800,0.039861964,0.035497864,0.043283129,0.050625972,0.052268794,0.054847207,0.048917099,0.063464426,0.062307072,0.044457003,0.048179000,certifaiger-default,multi__reconstructed-cuabq2mf,/home/froleyks/cake-tiger__exp--20260825T121849/caketiger/multi/data,same-runtime-for-model-certificates
certifaiger,k-cuabq4f,0.405614896,40,ok,cake_lrup,aig,1864,8,119,6,1737,0,0,2,0,1864,0.302838837,0.076518343,0.042538311,0.066606792,0.029667393,0.043609096,0.046887214,0.173658777,0.047082554,0.037757653,0.046848340,0.069385870,0.069504850,0.048530805,0.060936516,0.079105689,0.185981950,0.060859037,0.053248649,0.069014230,certifaiger-default,multi__reconstructed-cuabq4f,/home/froleyks/cake-tiger__exp--20260825T121849/caketiger/multi/data,same-runtime-for-model-certificates
certifaiger,k-cuabq4mf,0.294976321,0,ok,cake_lrup,aig,964,8,67,6,889,0,0,2,0,964,0.201416596,0.068154771,0.041355422,0.045052554,0.042391508,0.056022125,0.035077460,0.059500649,0.044615136,0.035991637,0.051148013,0.036825953,0.040563560,0.064696033,0.052760891,0.043415160,0.064296070,0.057193964,0.040929741,0.043812826,certifaiger-default,multi__reconstructed-cuabq4mf,/home/froleyks/cake-tiger__exp--20260825T121849/caketiger/multi/data,same-runtime-for-model-certificates
certifaiger,k-cucnt3,0.274634333,0,ok,cake_lrup,aig,22,0,3,1,19,0,0,2,0,22,0.182785527,0.065507656,0.048075328,0.034892064,0.026099531,0.032922486,0.035370033,0.042897275,0.046187208,0.046268743,0.046535402,0.041780474,0.034361811,0.053946640,0.026138251,0.029005020,0.062047628,0.055929539,0.058058798,0.050899448,certifaiger-default,multi__reconstructed-cucnt3,/home/froleyks/cake-tiger__exp--20260825T121849/caketiger/multi/data,same-runtime-for-model-certificates
certifaiger,k-cuffl,2.235893900,493,ok,cake_lrup,aig,1636,9,151,0,1476,0,0,3,0,1636,2.080170285,0.131445997,0.062474330,0.112490668,0.095337084,0.138242881,0.136001287,1.917337301,0.139147790,0.167787968,0.073973394,0.128052440,0.134119560,0.134851364,0.160842732,0.164521366,1.943556066,0.146343826,0.196639075,0.140190925,certifaiger-default,multi__reconstructed-cuffl,/home/froleyks/cake-tiger__exp--20260825T121849/caketiger/multi/data,same-runtime-for-model-certificates
certifaiger,k-cufq1,478.214378573,26004,ok,cake_lrup,aig,2340,20,134,5,2186,0,0,2,0,2340,476.952954329,1.651170336,0.032236708,0.222243457,0.442644616,2.395236549,1.900038115,476.269374124,2.664950374,4.366018381,3.912001759,0.096440007,0.333630512,1.213008484,2.394083209,1.916173445,476.333733437,2.683520103,4.398997112,3.933762675,certifaiger-default,multi__reconstructed-cufq1,/home/froleyks/cake-tiger__exp--20260825T121849/caketiger/multi/data,same-runtime-for-model-certificates
certifaiger,k-cugcd,1.601373894,347,ok,cake_lrup,aig,844,18,47,1,779,0,0,2,0,844,1.484060471,0.094156431,0.072258127,0.053544300,0.068505003,0.118222914,0.062095962,1.344915804,0.087423995,0.097227714,0.056914539,0.106033928,0.081375287,0.054213473,0.119148447,0.075350381,1.357724699,0.102181389,0.117727902,0.101747272,certifaiger-default,multi__reconstructed-cugcd,/home/froleyks/cake-tiger__exp--20260825T121849/caketiger/multi/data,same-runtime-for-model-certificates
certifaiger,k-culock,1.316353018,291,ok,cake_lrup,aig,172,3,11,2,158,0,0,2,0,172,1.177064898,0.113395391,0.045158620,0.073584672,0.094812129,0.114306436,0.083215918,0.982328914,0.122162940,0.199925823,0.174993884,0.057066754,0.100927624,0.111330997,0.125623684,0.106101940,1.006386443,0.146539207,0.188524788,0.186933435,certifaiger-default,multi__reconstructed-culock,/home/froleyks/cake-tiger__exp--20260825T121849/caketiger/multi/data,same-runtime-for-model-certificates
certifaiger,k-cusarb16,0.287851029,0,ok,cake_lrup,aig,145,17,50,1,78,0,0,2,0,145,0.190218136,0.067012450,0.038005610,0.043460243,0.035844942,0.050941537,0.041168369,0.041398810,0.045806040,0.038568436,0.037283482,0.047544167,0.046136345,0.045211145,0.046064130,0.050000514,0.043777506,0.078931287,0.058167205,0.040671079,certifaiger-default,multi__reconstructed-cusarb16,/home/froleyks/cake-tiger__exp--20260825T121849/caketiger/multi/data,same-runtime-for-model-certificates
certifaiger,k-cusarb32,0.324256456,0,ok,cake_lrup,aig,273,33,98,1,142,0,0,2,0,273,0.229972761,0.070589885,0.042453796,0.036667747,0.040110398,0.048576353,0.062980592,0.109876756,0.042736810,0.061746658,0.062755648,0.090481275,0.045602152,0.048667003,0.062683407,0.093521102,0.108560711,0.064886237,0.073740208,0.091145823,certifaiger-default,multi__reconstructed-cusarb32,/home/froleyks/cake-tiger__exp--20260825T121849/caketiger/multi/data,same-runtime-for-model-certificates
certifaiger,k-cutarb4,0.410574792,34,ok,cake_lrup,aig,510,5,19,5,486,0,0,2,0,510,0.315561421,0.068834582,0.038820280,0.032359560,0.033180007,0.050979564,0.043901315,0.184584784,0.041456264,0.047262084,0.037712680,0.056781663,0.061991914,0.046807500,0.057839377,0.067602539,0.194246643,0.057397769,0.062775654,0.058392902,certifaiger-default,multi__reconstructed-cutarb4,/home/froleyks/cake-tiger__exp--20260825T121849/caketiger/multi/data,same-runtime-for-model-certificates
certifaiger,k-cutarb8,1.573122424,316,ok,cake_lrup,aig,1122,9,39,9,1074,0,0,2,0,1122,1.444927005,0.101964309,0.077336821,0.082634992,0.033101461,0.085103099,0.079230984,1.312102536,0.102683446,0.139536197,0.136612293,0.109840543,0.072784125,0.086218036,0.116358223,0.106293459,1.311027388,0.109713662,0.160454216,0.158795769,certifaiger-default,multi__reconstructed-cutarb8,/home/froleyks/cake-tiger__exp--20260825T121849/caketiger/multi/data,same-runtime-for-model-certificates
certifaiger,k-cutf1,267.614742164,26004,ok,cake_lrup,aig,669,8,35,2,626,0,0,2,0,669,266.680911192,1.180062073,0.069058543,0.206410739,0.433131413,1.879918890,1.521228550,266.179117836,2.200279088,2.931153060,2.596377286,0.154208546,0.247447611,0.914694373,1.900040185,1.512311975,266.237547902,2.207808874,2.923839048,2.619411027,certifaiger-default,multi__reconstructed-cutf1,/home/froleyks/cake-tiger__exp--20260825T121849/caketiger/multi/data,same-runtime-for-model-certificates
certifaiger,k-cutf3,0.303273047,0,ok,cake_lrup,aig,669,8,35,7,626,0,0,2,0,669,0.210793478,0.066612045,0.038378823,0.039959268,0.038179780,0.036231461,0.030876053,0.034899629,0.041323582,0.052736318,0.031323226,0.065902566,0.052502787,0.059402063,0.057096183,0.041880529,0.065669482,0.063057892,0.065956476,0.064421877,certifaiger-default,multi__reconstructed-cutf3,/home/froleyks/cake-tiger__exp--20260825T121849/caketiger/multi/data,same-runtime-for-model-certificates
certifaiger,k-cutq1,1052.554360212,26001,ok,cake_lrup,aig,1223,11,68,3,1144,0,0,2,0,1223,1051.240942646,1.685908041,0.040049618,0.111587386,0.682589873,2.485217715,2.115983492,1050.566140967,3.794261862,4.211032288,4.330146372,0.086062882,0.158024288,1.216065288,2.515821366,2.112347962,1050.597419406,3.828020528,4.226981123,4.361882375,certifaiger-default,multi__reconstructed-cutq1,/home/froleyks/cake-tiger__exp--20260825T121849/caketiger/multi/data,same-runtime-for-model-certificates
certifaiger,k-lmcs06bc57sp,0.428601002,36,ok,cake_lrup,aig,1691,66,129,0,1496,0,1,3,2,1691,0.332648943,0.073647276,0.038694644,0.094044981,0.049246307,0.045458281,0.049845799,0.212613208,0.054912373,0.055659711,0.061544619,0.070611888,0.088651942,0.093719170,0.042411669,0.053094793,0.220115722,0.048549203,0.072932129,0.069122548,certifaiger-default,multi__reconstructed-lmcs06bc57sp,/home/froleyks/cake-tiger__exp--20260825T121849/caketiger/multi/data,same-runtime-for-model-certificates
certifaiger,k-lmcs06brp,0.315832964,0,ok,cake_lrup,aig,902,47,89,0,766,0,1,2,0,902,0.213678571,0.076728097,0.050412492,0.064165617,0.037926344,0.035395593,0.043028201,0.053666305,0.040049881,0.047085660,0.047317622,0.054328084,0.066309427,0.066405236,0.047638019,0.054518375,0.061599811,0.063492574,0.084196818,0.053785544,certifaiger-default,multi__reconstructed-lmcs06brp,/home/froleyks/cake-tiger__exp--20260825T121849/caketiger/multi/data,same-runtime-for-model-certificates
certifaiger,k-lmcs06mutex0,0.276001903,0,ok,cake_lrup,aig,113,6,13,0,94,0,1,1,0,113,0.190700875,0.062194142,0.035765506,0.034758370,0.037285834,0.038378213,0.038906650,0.041043172,0.036492174,0.035553446,0.037375292,0.037958272,0.042029922,0.048951453,0.045714515,0.063653421,0.059601142,0.074181174,0.054810197,0.056637031,certifaiger-default,multi__original-live-2017-lmcs06mutex0,/home/froleyks/cake-tiger__exp--20260825T121849/caketiger/multi/data,same-runtime-for-model-certificates
certifaiger,k-lmcs06ring0,0.262813493,0,ok,cake_lrup,aig,100,10,15,0,75,0,0,1,3,100,0.175606948,0.065365852,0.048355483,0.038771389,0.041925181,0.035510812,0.029890161,0.050716912,0.045669923,0.038234986,0.036083600,0.057637122,0.050327988,0.066971632,0.037454800,0.042231115,0.046706136,0.048906356,0.042979412,0.037488122,certifaiger-default,multi__original-live-2017-lmcs06ring0,/home/froleyks/cake-tiger__exp--20260825T121849/caketiger/multi/data,same-runtime-for-model-certificates
certifaiger,k-lmcs06short0,0.283638147,0,ok,cake_lrup,aig,71,8,10,0,53,0,0,1,0,71,0.179338167,0.077700012,0.034685099,0.025597328,0.032855816,0.042545975,0.037813797,0.050737500,0.034703978,0.046362872,0.048116977,0.041792108,0.043260997,0.031576583,0.031487281,0.053533002,0.052679029,0.045720064,0.050495828,0.038168329,certifaiger-default,multi__original-live-2017-lmcs06short0,/home/froleyks/cake-tiger__exp--20260825T121849/caketiger/multi/data,same-runtime-for-model-certificates
certifaiger,k-lmcs06srg5p0,0.306118968,0,ok,cake_lrup,aig,394,39,46,0,309,0,0,1,0,394,0.206324081,0.073118312,0.042347642,0.036149748,0.039508229,0.034639667,0.048313848,0.045703723,0.035061567,0.038989569,0.042348848,0.054178983,0.042575882,0.042147426,0.047017942,0.073695044,0.067606853,0.052090888,0.073929165,0.051073690,certifaiger-default,multi__original-live-2017-lmcs06srg5p0,/home/froleyks/cake-tiger__exp--20260825T121849/caketiger/multi/data,same-runtime-for-model-certificates
certifaiger,l2s-6s217,0.857072386,179,ok,cake_lrup,aig,10730,106,1737,0,8887,0,13,2,2,10730,0.566082125,0.280425176,0.123654687,0.403873952,0.084398611,0.120897669,0.128562661,0.125109863,0.129628566,0.108665701,0.132432578,0.138127282,0.399057725,0.093369519,0.133461449,0.107224229,0.123315752,0.126958852,0.138757567,0.153729033,certifaiger-default,multi__reconstructed-6s217,/home/froleyks/cake-tiger__exp--20260825T121849/caketiger/multi/data,same-runtime-for-model-certificates
certifaiger,l2s-cuabq2f,0.324658678,0,ok,cake_lrup,aig,946,6,61,4,879,0,0,2,0,946,0.223907599,0.072995754,0.054739391,0.030201419,0.040718587,0.026815229,0.044988227,0.089702074,0.061692904,0.035427395,0.035392920,0.048562518,0.054895929,0.059995511,0.050122673,0.039613436,0.104174166,0.076779171,0.048891261,0.070397794,certifaiger-default,multi__reconstructed-cuabq2f,/home/froleyks/cake-tiger__exp--20260825T121849/caketiger/multi/data,same-runtime-for-model-certificates
certifaiger,l2s-cuabq2mf,0.292668653,0,ok,cake_lrup,aig,496,6,35,4,455,0,0,2,0,496,0.195716326,0.067301987,0.041089924,0.036724719,0.047315120,0.045340400,0.033064899,0.045252497,0.037047800,0.039861964,0.035497864,0.043283129,0.050625972,0.052268794,0.054847207,0.048917099,0.063464426,0.062307072,0.044457003,0.048179000,certifaiger-default,multi__reconstructed-cuabq2mf,/home/froleyks/cake-tiger__exp--20260825T121849/caketiger/multi/data,same-runtime-for-model-certificates
certifaiger,l2s-cuabq4f,0.405614896,40,ok,cake_lrup,aig,1864,8,119,6,1737,0,0,2,0,1864,0.302838837,0.076518343,0.042538311,0.066606792,0.029667393,0.043609096,0.046887214,0.173658777,0.047082554,0.037757653,0.046848340,0.069385870,0.069504850,0.048530805,0.060936516,0.079105689,0.185981950,0.060859037,0.053248649,0.069014230,certifaiger-default,multi__reconstructed-cuabq4f,/home/froleyks/cake-tiger__exp--20260825T121849/caketiger/multi/data,same-runtime-for-model-certificates
certifaiger,l2s-cuabq4mf,0.294976321,0,ok,cake_lrup,aig,964,8,67,6,889,0,0,2,0,964,0.201416596,0.068154771,0.041355422,0.045052554,0.042391508,0.056022125,0.035077460,0.059500649,0.044615136,0.035991637,0.051148013,0.036825953,0.040563560,0.064696033,0.052760891,0.043415160,0.064296070,0.057193964,0.040929741,0.043812826,certifaiger-default,multi__reconstructed-cuabq4mf,/home/froleyks/cake-tiger__exp--20260825T121849/caketiger/multi/data,same-runtime-for-model-certificates
certifaiger,l2s-cucnt3,0.274634333,0,ok,cake_lrup,aig,22,0,3,1,19,0,0,2,0,22,0.182785527,0.065507656,0.048075328,0.034892064,0.026099531,0.032922486,0.035370033,0.042897275,0.046187208,0.046268743,0.046535402,0.041780474,0.034361811,0.053946640,0.026138251,0.029005020,0.062047628,0.055929539,0.058058798,0.050899448,certifaiger-default,multi__reconstructed-cucnt3,/home/froleyks/cake-tiger__exp--20260825T121849/caketiger/multi/data,same-runtime-for-model-certificates
certifaiger,l2s-cugcd,1.601373894,347,ok,cake_lrup,aig,844,18,47,1,779,0,0,2,0,844,1.484060471,0.094156431,0.072258127,0.053544300,0.068505003,0.118222914,0.062095962,1.344915804,0.087423995,0.097227714,0.056914539,0.106033928,0.081375287,0.054213473,0.119148447,0.075350381,1.357724699,0.102181389,0.117727902,0.101747272,certifaiger-default,multi__reconstructed-cugcd,/home/froleyks/cake-tiger__exp--20260825T121849/caketiger/multi/data,same-runtime-for-model-certificates
certifaiger,l2s-culock,1.316353018,291,ok,cake_lrup,aig,172,3,11,2,158,0,0,2,0,172,1.177064898,0.113395391,0.045158620,0.073584672,0.094812129,0.114306436,0.083215918,0.982328914,0.122162940,0.199925823,0.174993884,0.057066754,0.100927624,0.111330997,0.125623684,0.106101940,1.006386443,0.146539207,0.188524788,0.186933435,certifaiger-default,multi__reconstructed-culock,/home/froleyks/cake-tiger__exp--20260825T121849/caketiger/multi/data,same-runtime-for-model-certificates
certifaiger,l2s-cunim1,650.591102564,26001,ok,cake_lrup,aig,1143,6,32,2,1105,0,0,2,0,1143,649.659922969,1.147972401,0.148544017,0.059699878,0.548947781,1.667496244,1.563974348,649.170227733,2.729968712,3.182916977,2.814387761,0.221948354,0.135467651,0.815646418,1.683434974,1.570554584,649.228142936,2.744966990,3.216024541,2.857650473,certifaiger-default,multi__reconstructed-cunim1,/home/froleyks/cake-tiger__exp--20260825T121849/caketiger/multi/data,same-runtime-for-model-certificates
certifaiger,l2s-cunim2,113.456732039,26001,ok,cake_lrup,aig,1170,7,34,2,1129,0,0,2,0,1170,112.953727021,0.553763836,0.052126668,0.193784422,0.254191442,0.900826705,0.672767931,112.600674505,1.209242872,1.480646518,1.309508256,0.098241702,0.235653793,0.442381535,0.983653455,0.684831609,112.685115623,1.223639670,1.492904681,1.324799204,certifaiger-default,multi__reconstructed-cunim2,/home/froleyks/cake-tiger__exp--20260825T121849/caketiger/multi/data,same-runtime-for-model-certificates
certifaiger,l2s-cusarb16,0.287851029,0,ok,cake_lrup,aig,145,17,50,1,78,0,0,2,0,145,0.190218136,0.067012450,0.038005610,0.043460243,0.035844942,0.050941537,0.041168369,0.041398810,0.045806040,0.038568436,0.037283482,0.047544167,0.046136345,0.045211145,0.046064130,0.050000514,0.043777506,0.078931287,0.058167205,0.040671079,certifaiger-default,multi__reconstructed-cusarb16,/home/froleyks/cake-tiger__exp--20260825T121849/caketiger/multi/data,same-runtime-for-model-certificates
certifaiger,l2s-cutarb4,0.410574792,34,ok,cake_lrup,aig,510,5,19,5,486,0,0,2,0,510,0.315561421,0.068834582,0.038820280,0.032359560,0.033180007,0.050979564,0.043901315,0.184584784,0.041456264,0.047262084,0.037712680,0.056781663,0.061991914,0.046807500,0.057839377,0.067602539,0.194246643,0.057397769,0.062775654,0.058392902,certifaiger-default,multi__reconstructed-cutarb4,/home/froleyks/cake-tiger__exp--20260825T121849/caketiger/multi/data,same-runtime-for-model-certificates
certifaiger,l2s-cutarb8,1.573122424,316,ok,cake_lrup,aig,1122,9,39,9,1074,0,0,2,0,1122,1.444927005,0.101964309,0.077336821,0.082634992,0.033101461,0.085103099,0.079230984,1.312102536,0.102683446,0.139536197,0.136612293,0.109840543,0.072784125,0.086218036,0.116358223,0.106293459,1.311027388,0.109713662,0.160454216,0.158795769,certifaiger-default,multi__reconstructed-cutarb8,/home/froleyks/cake-tiger__exp--20260825T121849/caketiger/multi/data,same-runtime-for-model-certificates
certifaiger,l2s-cutf1,267.614742164,26004,ok,cake_lrup,aig,669,8,35,2,626,0,0,2,0,669,266.680911192,1.180062073,0.069058543,0.206410739,0.433131413,1.879918890,1.521228550,266.179117836,2.200279088,2.931153060,2.596377286,0.154208546,0.247447611,0.914694373,1.900040185,1.512311975,266.237547902,2.207808874,2.923839048,2.619411027,certifaiger-default,multi__reconstructed-cutf1,/home/froleyks/cake-tiger__exp--20260825T121849/caketiger/multi/data,same-runtime-for-model-certificates
certifaiger,l2s-cutf3,0.303273047,0,ok,cake_lrup,aig,669,8,35,7,626,0,0,2,0,669,0.210793478,0.066612045,0.038378823,0.039959268,0.038179780,0.036231461,0.030876053,0.034899629,0.041323582,0.052736318,0.031323226,0.065902566,0.052502787,0.059402063,0.057096183,0.041880529,0.065669482,0.063057892,0.065956476,0.064421877,certifaiger-default,multi__reconstructed-cutf3,/home/froleyks/cake-tiger__exp--20260825T121849/caketiger/multi/data,same-runtime-for-model-certificates
certifaiger,l2s-lmcs06bc57sp,0.428601002,36,ok,cake_lrup,aig,1691,66,129,0,1496,0,1,3,2,1691,0.332648943,0.073647276,0.038694644,0.094044981,0.049246307,0.045458281,0.049845799,0.212613208,0.054912373,0.055659711,0.061544619,0.070611888,0.088651942,0.093719170,0.042411669,0.053094793,0.220115722,0.048549203,0.072932129,0.069122548,certifaiger-default,multi__reconstructed-lmcs06bc57sp,/home/froleyks/cake-tiger__exp--20260825T121849/caketiger/multi/data,same-runtime-for-model-certificates
certifaiger,l2s-lmcs06brp,0.315832964,0,ok,cake_lrup,aig,902,47,89,0,766,0,1,2,0,902,0.213678571,0.076728097,0.050412492,0.064165617,0.037926344,0.035395593,0.043028201,0.053666305,0.040049881,0.047085660,0.047317622,0.054328084,0.066309427,0.066405236,0.047638019,0.054518375,0.061599811,0.063492574,0.084196818,0.053785544,certifaiger-default,multi__reconstructed-lmcs06brp,/home/froleyks/cake-tiger__exp--20260825T121849/caketiger/multi/data,same-runtime-for-model-certificates
certifaiger,l2s-lmcs06mutex0,0.276001903,0,ok,cake_lrup,aig,113,6,13,0,94,0,1,1,0,113,0.190700875,0.062194142,0.035765506,0.034758370,0.037285834,0.038378213,0.038906650,0.041043172,0.036492174,0.035553446,0.037375292,0.037958272,0.042029922,0.048951453,0.045714515,0.063653421,0.059601142,0.074181174,0.054810197,0.056637031,certifaiger-default,multi__original-live-2017-lmcs06mutex0,/home/froleyks/cake-tiger__exp--20260825T121849/caketiger/multi/data,same-runtime-for-model-certificates
certifaiger,l2s-lmcs06ring0,0.262813493,0,ok,cake_lrup,aig,100,10,15,0,75,0,0,1,3,100,0.175606948,0.065365852,0.048355483,0.038771389,0.041925181,0.035510812,0.029890161,0.050716912,0.045669923,0.038234986,0.036083600,0.057637122,0.050327988,0.066971632,0.037454800,0.042231115,0.046706136,0.048906356,0.042979412,0.037488122,certifaiger-default,multi__original-live-2017-lmcs06ring0,/home/froleyks/cake-tiger__exp--20260825T121849/caketiger/multi/data,same-runtime-for-model-certificates
certifaiger,l2s-lmcs06short0,0.283638147,0,ok,cake_lrup,aig,71,8,10,0,53,0,0,1,0,71,0.179338167,0.077700012,0.034685099,0.025597328,0.032855816,0.042545975,0.037813797,0.050737500,0.034703978,0.046362872,0.048116977,0.041792108,0.043260997,0.031576583,0.031487281,0.053533002,0.052679029,0.045720064,0.050495828,0.038168329,certifaiger-default,multi__original-live-2017-lmcs06short0,/home/froleyks/cake-tiger__exp--20260825T121849/caketiger/multi/data,same-runtime-for-model-certificates
certifaiger,l2s-lmcs06srg5p0,0.306118968,0,ok,cake_lrup,aig,394,39,46,0,309,0,0,1,0,394,0.206324081,0.073118312,0.042347642,0.036149748,0.039508229,0.034639667,0.048313848,0.045703723,0.035061567,0.038989569,0.042348848,0.054178983,0.042575882,0.042147426,0.047017942,0.073695044,0.067606853,0.052090888,0.073929165,0.051073690,certifaiger-default,multi__original-live-2017-lmcs06srg5p0,/home/froleyks/cake-tiger__exp--20260825T121849/caketiger/multi/data,same-runtime-for-model-certificates
certifaiger,rlive-6s217,0.857072386,179,ok,cake_lrup,aig,10730,106,1737,0,8887,0,13,2,2,10730,0.566082125,0.280425176,0.123654687,0.403873952,0.084398611,0.120897669,0.128562661,0.125109863,0.129628566,0.108665701,0.132432578,0.138127282,0.399057725,0.093369519,0.133461449,0.107224229,0.123315752,0.126958852,0.138757567,0.153729033,certifaiger-default,multi__reconstructed-6s217,/home/froleyks/cake-tiger__exp--20260825T121849/caketiger/multi/data,same-runtime-for-model-certificates
certifaiger,rlive-cucnt3,0.274634333,0,ok,cake_lrup,aig,22,0,3,1,19,0,0,2,0,22,0.182785527,0.065507656,0.048075328,0.034892064,0.026099531,0.032922486,0.035370033,0.042897275,0.046187208,0.046268743,0.046535402,0.041780474,0.034361811,0.053946640,0.026138251,0.029005020,0.062047628,0.055929539,0.058058798,0.050899448,certifaiger-default,multi__reconstructed-cucnt3,/home/froleyks/cake-tiger__exp--20260825T121849/caketiger/multi/data,same-runtime-for-model-certificates
certifaiger,rlive-culock,1.316353018,291,ok,cake_lrup,aig,172,3,11,2,158,0,0,2,0,172,1.177064898,0.113395391,0.045158620,0.073584672,0.094812129,0.114306436,0.083215918,0.982328914,0.122162940,0.199925823,0.174993884,0.057066754,0.100927624,0.111330997,0.125623684,0.106101940,1.006386443,0.146539207,0.188524788,0.186933435,certifaiger-default,multi__reconstructed-culock,/home/froleyks/cake-tiger__exp--20260825T121849/caketiger/multi/data,same-runtime-for-model-certificates
certifaiger,rlive-cutarb4,0.410574792,34,ok,cake_lrup,aig,510,5,19,5,486,0,0,2,0,510,0.315561421,0.068834582,0.038820280,0.032359560,0.033180007,0.050979564,0.043901315,0.184584784,0.041456264,0.047262084,0.037712680,0.056781663,0.061991914,0.046807500,0.057839377,0.067602539,0.194246643,0.057397769,0.062775654,0.058392902,certifaiger-default,multi__reconstructed-cutarb4,/home/froleyks/cake-tiger__exp--20260825T121849/caketiger/multi/data,same-runtime-for-model-certificates
certifaiger,rlive-lmcs06brp,0.315832964,0,ok,cake_lrup,aig,902,47,89,0,766,0,1,2,0,902,0.213678571,0.076728097,0.050412492,0.064165617,0.037926344,0.035395593,0.043028201,0.053666305,0.040049881,0.047085660,0.047317622,0.054328084,0.066309427,0.066405236,0.047638019,0.054518375,0.061599811,0.063492574,0.084196818,0.053785544,certifaiger-default,multi__reconstructed-lmcs06brp,/home/froleyks/cake-tiger__exp--20260825T121849/caketiger/multi/data,same-runtime-for-model-certificates
certifaiger,rlive-lmcs06mutex0,0.276001903,0,ok,cake_lrup,aig,113,6,13,0,94,0,1,1,0,113,0.190700875,0.062194142,0.035765506,0.034758370,0.037285834,0.038378213,0.038906650,0.041043172,0.036492174,0.035553446,0.037375292,0.037958272,0.042029922,0.048951453,0.045714515,0.063653421,0.059601142,0.074181174,0.054810197,0.056637031,certifaiger-default,multi__original-live-2017-lmcs06mutex0,/home/froleyks/cake-tiger__exp--20260825T121849/caketiger/multi/data,same-runtime-for-model-certificates
certifaiger,rlive-lmcs06short0,0.283638147,0,ok,cake_lrup,aig,71,8,10,0,53,0,0,1,0,71,0.179338167,0.077700012,0.034685099,0.025597328,0.032855816,0.042545975,0.037813797,0.050737500,0.034703978,0.046362872,0.048116977,0.041792108,0.043260997,0.031576583,0.031487281,0.053533002,0.052679029,0.045720064,0.050495828,0.038168329,certifaiger-default,multi__original-live-2017-lmcs06short0,/home/froleyks/cake-tiger__exp--20260825T121849/caketiger/multi/data,same-runtime-for-model-certificates
certifaiger,stable-6s217,0.857072386,179,ok,cake_lrup,aig,10730,106,1737,0,8887,0,13,2,2,10730,0.566082125,0.280425176,0.123654687,0.403873952,0.084398611,0.120897669,0.128562661,0.125109863,0.129628566,0.108665701,0.132432578,0.138127282,0.399057725,0.093369519,0.133461449,0.107224229,0.123315752,0.126958852,0.138757567,0.153729033,certifaiger-default,multi__reconstructed-6s217,/home/froleyks/cake-tiger__exp--20260825T121849/caketiger/multi/data,same-runtime-for-model-certificates
certifaiger,stable-cuabq2f,0.324658678,0,ok,cake_lrup,aig,946,6,61,4,879,0,0,2,0,946,0.223907599,0.072995754,0.054739391,0.030201419,0.040718587,0.026815229,0.044988227,0.089702074,0.061692904,0.035427395,0.035392920,0.048562518,0.054895929,0.059995511,0.050122673,0.039613436,0.104174166,0.076779171,0.048891261,0.070397794,certifaiger-default,multi__reconstructed-cuabq2f,/home/froleyks/cake-tiger__exp--20260825T121849/caketiger/multi/data,same-runtime-for-model-certificates
certifaiger,stable-cuabq2mf,0.292668653,0,ok,cake_lrup,aig,496,6,35,4,455,0,0,2,0,496,0.195716326,0.067301987,0.041089924,0.036724719,0.047315120,0.045340400,0.033064899,0.045252497,0.037047800,0.039861964,0.035497864,0.043283129,0.050625972,0.052268794,0.054847207,0.048917099,0.063464426,0.062307072,0.044457003,0.048179000,certifaiger-default,multi__reconstructed-cuabq2mf,/home/froleyks/cake-tiger__exp--20260825T121849/caketiger/multi/data,same-runtime-for-model-certificates
certifaiger,stable-cuabq4f,0.405614896,40,ok,cake_lrup,aig,1864,8,119,6,1737,0,0,2,0,1864,0.302838837,0.076518343,0.042538311,0.066606792,0.029667393,0.043609096,0.046887214,0.173658777,0.047082554,0.037757653,0.046848340,0.069385870,0.069504850,0.048530805,0.060936516,0.079105689,0.185981950,0.060859037,0.053248649,0.069014230,certifaiger-default,multi__reconstructed-cuabq4f,/home/froleyks/cake-tiger__exp--20260825T121849/caketiger/multi/data,same-runtime-for-model-certificates
certifaiger,stable-cuabq4mf,0.294976321,0,ok,cake_lrup,aig,964,8,67,6,889,0,0,2,0,964,0.201416596,0.068154771,0.041355422,0.045052554,0.042391508,0.056022125,0.035077460,0.059500649,0.044615136,0.035991637,0.051148013,0.036825953,0.040563560,0.064696033,0.052760891,0.043415160,0.064296070,0.057193964,0.040929741,0.043812826,certifaiger-default,multi__reconstructed-cuabq4mf,/home/froleyks/cake-tiger__exp--20260825T121849/caketiger/multi/data,same-runtime-for-model-certificates
certifaiger,stable-cucnt3,0.274634333,0,ok,cake_lrup,aig,22,0,3,1,19,0,0,2,0,22,0.182785527,0.065507656,0.048075328,0.034892064,0.026099531,0.032922486,0.035370033,0.042897275,0.046187208,0.046268743,0.046535402,0.041780474,0.034361811,0.053946640,0.026138251,0.029005020,0.062047628,0.055929539,0.058058798,0.050899448,certifaiger-default,multi__reconstructed-cucnt3,/home/froleyks/cake-tiger__exp--20260825T121849/caketiger/multi/data,same-runtime-for-model-certificates
certifaiger,stable-cuffl,2.235893900,493,ok,cake_lrup,aig,1636,9,151,0,1476,0,0,3,0,1636,2.080170285,0.131445997,0.062474330,0.112490668,0.095337084,0.138242881,0.136001287,1.917337301,0.139147790,0.167787968,0.073973394,0.128052440,0.134119560,0.134851364,0.160842732,0.164521366,1.943556066,0.146343826,0.196639075,0.140190925,certifaiger-default,multi__reconstructed-cuffl,/home/froleyks/cake-tiger__exp--20260825T121849/caketiger/multi/data,same-runtime-for-model-certificates
certifaiger,stable-cufq1,478.214378573,26004,ok,cake_lrup,aig,2340,20,134,5,2186,0,0,2,0,2340,476.952954329,1.651170336,0.032236708,0.222243457,0.442644616,2.395236549,1.900038115,476.269374124,2.664950374,4.366018381,3.912001759,0.096440007,0.333630512,1.213008484,2.394083209,1.916173445,476.333733437,2.683520103,4.398997112,3.933762675,certifaiger-default,multi__reconstructed-cufq1,/home/froleyks/cake-tiger__exp--20260825T121849/caketiger/multi/data,same-runtime-for-model-certificates
certifaiger,stable-cugcd,1.601373894,347,ok,cake_lrup,aig,844,18,47,1,779,0,0,2,0,844,1.484060471,0.094156431,0.072258127,0.053544300,0.068505003,0.118222914,0.062095962,1.344915804,0.087423995,0.097227714,0.056914539,0.106033928,0.081375287,0.054213473,0.119148447,0.075350381,1.357724699,0.102181389,0.117727902,0.101747272,certifaiger-default,multi__reconstructed-cugcd,/home/froleyks/cake-tiger__exp--20260825T121849/caketiger/multi/data,same-runtime-for-model-certificates
certifaiger,stable-culock,1.316353018,291,ok,cake_lrup,aig,172,3,11,2,158,0,0,2,0,172,1.177064898,0.113395391,0.045158620,0.073584672,0.094812129,0.114306436,0.083215918,0.982328914,0.122162940,0.199925823,0.174993884,0.057066754,0.100927624,0.111330997,0.125623684,0.106101940,1.006386443,0.146539207,0.188524788,0.186933435,certifaiger-default,multi__reconstructed-culock,/home/froleyks/cake-tiger__exp--20260825T121849/caketiger/multi/data,same-runtime-for-model-certificates
certifaiger,stable-cunim1,650.591102564,26001,ok,cake_lrup,aig,1143,6,32,2,1105,0,0,2,0,1143,649.659922969,1.147972401,0.148544017,0.059699878,0.548947781,1.667496244,1.563974348,649.170227733,2.729968712,3.182916977,2.814387761,0.221948354,0.135467651,0.815646418,1.683434974,1.570554584,649.228142936,2.744966990,3.216024541,2.857650473,certifaiger-default,multi__reconstructed-cunim1,/home/froleyks/cake-tiger__exp--20260825T121849/caketiger/multi/data,same-runtime-for-model-certificates
certifaiger,stable-cunim2,113.456732039,26001,ok,cake_lrup,aig,1170,7,34,2,1129,0,0,2,0,1170,112.953727021,0.553763836,0.052126668,0.193784422,0.254191442,0.900826705,0.672767931,112.600674505,1.209242872,1.480646518,1.309508256,0.098241702,0.235653793,0.442381535,0.983653455,0.684831609,112.685115623,1.223639670,1.492904681,1.324799204,certifaiger-default,multi__reconstructed-cunim2,/home/froleyks/cake-tiger__exp--20260825T121849/caketiger/multi/data,same-runtime-for-model-certificates
certifaiger,stable-cusarb16,0.287851029,0,ok,cake_lrup,aig,145,17,50,1,78,0,0,2,0,145,0.190218136,0.067012450,0.038005610,0.043460243,0.035844942,0.050941537,0.041168369,0.041398810,0.045806040,0.038568436,0.037283482,0.047544167,0.046136345,0.045211145,0.046064130,0.050000514,0.043777506,0.078931287,0.058167205,0.040671079,certifaiger-default,multi__reconstructed-cusarb16,/home/froleyks/cake-tiger__exp--20260825T121849/caketiger/multi/data,same-runtime-for-model-certificates
certifaiger,stable-cusarb32,0.324256456,0,ok,cake_lrup,aig,273,33,98,1,142,0,0,2,0,273,0.229972761,0.070589885,0.042453796,0.036667747,0.040110398,0.048576353,0.062980592,0.109876756,0.042736810,0.061746658,0.062755648,0.090481275,0.045602152,0.048667003,0.062683407,0.093521102,0.108560711,0.064886237,0.073740208,0.091145823,certifaiger-default,multi__reconstructed-cusarb32,/home/froleyks/cake-tiger__exp--20260825T121849/caketiger/multi/data,same-runtime-for-model-certificates
certifaiger,stable-cutarb4,0.410574792,34,ok,cake_lrup,aig,510,5,19,5,486,0,0,2,0,510,0.315561421,0.068834582,0.038820280,0.032359560,0.033180007,0.050979564,0.043901315,0.184584784,0.041456264,0.047262084,0.037712680,0.056781663,0.061991914,0.046807500,0.057839377,0.067602539,0.194246643,0.057397769,0.062775654,0.058392902,certifaiger-default,multi__reconstructed-cutarb4,/home/froleyks/cake-tiger__exp--20260825T121849/caketiger/multi/data,same-runtime-for-model-certificates
certifaiger,stable-cutarb8,1.573122424,316,ok,cake_lrup,aig,1122,9,39,9,1074,0,0,2,0,1122,1.444927005,0.101964309,0.077336821,0.082634992,0.033101461,0.085103099,0.079230984,1.312102536,0.102683446,0.139536197,0.136612293,0.109840543,0.072784125,0.086218036,0.116358223,0.106293459,1.311027388,0.109713662,0.160454216,0.158795769,certifaiger-default,multi__reconstructed-cutarb8,/home/froleyks/cake-tiger__exp--20260825T121849/caketiger/multi/data,same-runtime-for-model-certificates
certifaiger,stable-cutf1,267.614742164,26004,ok,cake_lrup,aig,669,8,35,2,626,0,0,2,0,669,266.680911192,1.180062073,0.069058543,0.206410739,0.433131413,1.879918890,1.521228550,266.179117836,2.200279088,2.931153060,2.596377286,0.154208546,0.247447611,0.914694373,1.900040185,1.512311975,266.237547902,2.207808874,2.923839048,2.619411027,certifaiger-default,multi__reconstructed-cutf1,/home/froleyks/cake-tiger__exp--20260825T121849/caketiger/multi/data,same-runtime-for-model-certificates
certifaiger,stable-cutf3,0.303273047,0,ok,cake_lrup,aig,669,8,35,7,626,0,0,2,0,669,0.210793478,0.066612045,0.038378823,0.039959268,0.038179780,0.036231461,0.030876053,0.034899629,0.041323582,0.052736318,0.031323226,0.065902566,0.052502787,0.059402063,0.057096183,0.041880529,0.065669482,0.063057892,0.065956476,0.064421877,certifaiger-default,multi__reconstructed-cutf3,/home/froleyks/cake-tiger__exp--20260825T121849/caketiger/multi/data,same-runtime-for-model-certificates
certifaiger,stable-cutq1,1052.554360212,26001,ok,cake_lrup,aig,1223,11,68,3,1144,0,0,2,0,1223,1051.240942646,1.685908041,0.040049618,0.111587386,0.682589873,2.485217715,2.115983492,1050.566140967,3.794261862,4.211032288,4.330146372,0.086062882,0.158024288,1.216065288,2.515821366,2.112347962,1050.597419406,3.828020528,4.226981123,4.361882375,certifaiger-default,multi__reconstructed-cutq1,/home/froleyks/cake-tiger__exp--20260825T121849/caketiger/multi/data,same-runtime-for-model-certificates
certifaiger,stable-lmcs06bc57sp,0.428601002,36,ok,cake_lrup,aig,1691,66,129,0,1496,0,1,3,2,1691,0.332648943,0.073647276,0.038694644,0.094044981,0.049246307,0.045458281,0.049845799,0.212613208,0.054912373,0.055659711,0.061544619,0.070611888,0.088651942,0.093719170,0.042411669,0.053094793,0.220115722,0.048549203,0.072932129,0.069122548,certifaiger-default,multi__reconstructed-lmcs06bc57sp,/home/froleyks/cake-tiger__exp--20260825T121849/caketiger/multi/data,same-runtime-for-model-certificates
certifaiger,stable-lmcs06brp,0.315832964,0,ok,cake_lrup,aig,902,47,89,0,766,0,1,2,0,902,0.213678571,0.076728097,0.050412492,0.064165617,0.037926344,0.035395593,0.043028201,0.053666305,0.040049881,0.047085660,0.047317622,0.054328084,0.066309427,0.066405236,0.047638019,0.054518375,0.061599811,0.063492574,0.084196818,0.053785544,certifaiger-default,multi__reconstructed-lmcs06brp,/home/froleyks/cake-tiger__exp--20260825T121849/caketiger/multi/data,same-runtime-for-model-certificates
certifaiger,stable-lmcs06mutex0,0.276001903,0,ok,cake_lrup,aig,113,6,13,0,94,0,1,1,0,113,0.190700875,0.062194142,0.035765506,0.034758370,0.037285834,0.038378213,0.038906650,0.041043172,0.036492174,0.035553446,0.037375292,0.037958272,0.042029922,0.048951453,0.045714515,0.063653421,0.059601142,0.074181174,0.054810197,0.056637031,certifaiger-default,multi__original-live-2017-lmcs06mutex0,/home/froleyks/cake-tiger__exp--20260825T121849/caketiger/multi/data,same-runtime-for-model-certificates
certifaiger,stable-lmcs06ring0,0.262813493,0,ok,cake_lrup,aig,100,10,15,0,75,0,0,1,3,100,0.175606948,0.065365852,0.048355483,0.038771389,0.041925181,0.035510812,0.029890161,0.050716912,0.045669923,0.038234986,0.036083600,0.057637122,0.050327988,0.066971632,0.037454800,0.042231115,0.046706136,0.048906356,0.042979412,0.037488122,certifaiger-default,multi__original-live-2017-lmcs06ring0,/home/froleyks/cake-tiger__exp--20260825T121849/caketiger/multi/data,same-runtime-for-model-certificates
certifaiger,stable-lmcs06short0,0.283638147,0,ok,cake_lrup,aig,71,8,10,0,53,0,0,1,0,71,0.179338167,0.077700012,0.034685099,0.025597328,0.032855816,0.042545975,0.037813797,0.050737500,0.034703978,0.046362872,0.048116977,0.041792108,0.043260997,0.031576583,0.031487281,0.053533002,0.052679029,0.045720064,0.050495828,0.038168329,certifaiger-default,multi__original-live-2017-lmcs06short0,/home/froleyks/cake-tiger__exp--20260825T121849/caketiger/multi/data,same-runtime-for-model-certificates
certifaiger,stable-lmcs06srg5p0,0.306118968,0,ok,cake_lrup,aig,394,39,46,0,309,0,0,1,0,394,0.206324081,0.073118312,0.042347642,0.036149748,0.039508229,0.034639667,0.048313848,0.045703723,0.035061567,0.038989569,0.042348848,0.054178983,0.042575882,0.042147426,0.047017942,0.073695044,0.067606853,0.052090888,0.073929165,0.051073690,certifaiger-default,multi__original-live-2017-lmcs06srg5p0,/home/froleyks/cake-tiger__exp--20260825T121849/caketiger/multi/data,same-runtime-for-model-certificates
caketaiger,k-6s217,0.732375968,566,error-1,cake_lrup,aig,10730,106,1737,0,8887,0,13,2,2,10730,0.200022200,0.458036736,0.037260383,0.046238944,0.056184658,0.055238973,0.037945549,0.057220232,0.071325600,0.051016410,0.070627717,0.075839602,0.075539644,0.078503727,0.055615733,0.055706586,0.078477402,0.096046820,0.078327711,0.105220644,cake-tiger,multi__reconstructed-6s217,/home/froleyks/cake-tiger__exp--20260825T121849/caketiger/multi/data,same-runtime-for-model-certificates
caketaiger,k-arbi0s08p03,386.090766325,26001,error-1,cake_lrup,aig,641,16,40,0,585,0,0,1,0,641,382.198479411,3.736689872,0.036498344,0.056979870,0.096860388,0.659011739,0.476059753,382.010984679,0.496424226,0.911037501,0.731294254,0.058197382,0.114894928,0.288963710,0.662385070,0.500569674,382.082978771,0.522652238,0.936062682,0.750478418,cake-tiger,multi__original-live-2017-arbi0s08p03,/home/froleyks/cake-tiger__exp--20260825T121849/caketiger/multi/data,same-runtime-for-model-certificates
caketaiger,k-cuabq2f,0.337474591,0,error-1,cake_lrup,aig,946,6,61,4,879,0,0,2,0,946,0.210565916,0.059009906,0.045039627,0.046489515,0.041773994,0.046314315,0.040779837,0.124011665,0.044339937,0.037421773,0.030796694,0.048170223,0.035529818,0.061108398,0.058429551,0.052209389,0.116142397,0.065215947,0.047872818,0.058601841,cake-tiger,multi__reconstructed-cuabq2f,/home/froleyks/cake-tiger__exp--20260825T121849/caketiger/multi/data,same-runtime-for-model-certificates
caketaiger,k-cuabq2mf,0.240663409,0,error-1,cake_lrup,aig,496,6,35,4,455,0,0,2,0,496,0.143636520,0.031148202,0.036236233,0.033954865,0.040764154,0.034133338,0.036414934,0.043067872,0.031029056,0.030357723,0.034104378,0.045727624,0.036677807,0.057173678,0.058815620,0.053763941,0.037685355,0.057225645,0.055821781,0.048155292,cake-tiger,multi__reconstructed-cuabq2mf,/home/froleyks/cake-tiger__exp--20260825T121849/caketiger/multi/data,same-runtime-for-model-certificates
caketaiger,k-cuabq4f,0.465786396,52,error-1,cake_lrup,aig,1864,8,119,6,1737,0,0,2,0,1864,0.284830605,0.108888215,0.037878598,0.037810449,0.051512799,0.043247024,0.040491830,0.182272471,0.044004074,0.047879569,0.043994052,0.058112250,0.072659423,0.079133439,0.052646987,0.057437789,0.209540877,0.067891268,0.061482363,0.049658708,cake-tiger,multi__reconstructed-cuabq4f,/home/froleyks/cake-tiger__exp--20260825T121849/caketiger/multi/data,same-runtime-for-model-certificates
caketaiger,k-cuabq4mf,0.474757679,0,error-1,cake_lrup,aig,964,8,67,6,889,0,0,2,0,964,0.179828572,0.221125415,0.045146894,0.032608895,0.039871040,0.043179580,0.044278419,0.082293110,0.037984290,0.037250110,0.054710861,0.057734223,0.080979840,0.065300520,0.048067169,0.053743027,0.095525126,0.048392731,0.057789815,0.053117292,cake-tiger,multi__reconstructed-cuabq4mf,/home/froleyks/cake-tiger__exp--20260825T121849/caketiger/multi/data,same-runtime-for-model-certificates
caketaiger,k-cucnt3,0.271289816,0,ok,cake_lrup,aig,22,0,3,1,19,0,0,2,0,22,0.164892242,0.030734446,0.036283131,0.035403072,0.039806902,0.042286884,0.047914883,0.038755997,0.046677152,0.037079346,0.028884973,0.042992250,0.050647431,0.071824546,0.045748049,0.050711499,0.047706921,0.029784304,0.060387151,0.035352980,cake-tiger,multi__reconstructed-cucnt3,/home/froleyks/cake-tiger__exp--20260825T121849/caketiger/multi/data,same-runtime-for-model-certificates
caketaiger,k-cuffl,2.748836733,1169,error-1,cake_lrup,aig,1636,9,151,0,1476,0,0,3,0,1636,1.994565745,0.678980480,0.069578834,0.064428352,0.047847682,0.133609466,0.118419626,1.891952986,0.137601661,0.172485290,0.120581923,0.137070742,0.089868590,0.104802985,0.132661734,0.149517520,1.904810251,0.162050330,0.176126443,0.159948251,cake-tiger,multi__reconstructed-cuffl,/home/froleyks/cake-tiger__exp--20260825T121849/caketiger/multi/data,same-runtime-for-model-certificates
caketaiger,k-cufq1,564.116027151,26004,error-1,cake_lrup,aig,2340,20,134,5,2186,0,0,2,0,2340,545.468158823,18.388150659,0.041308573,0.096016389,0.343039124,2.711318190,1.822318556,545.282953020,2.579504737,4.346505499,3.969297856,0.112238290,0.177039919,1.346152497,2.723720819,1.838957933,545.350231957,2.628676752,4.378892800,3.983839942,cake-tiger,multi__reconstructed-cufq1,/home/froleyks/cake-tiger__exp--20260825T121849/caketiger/multi/data,same-runtime-for-model-certificates
caketaiger,k-cugcd,1.865200233,587,error-1,cake_lrup,aig,844,18,47,1,779,0,0,2,0,844,1.390808232,0.390646732,0.047243462,0.076472806,0.045480289,0.124996662,0.071459689,1.293943920,0.095622155,0.150946871,0.085099729,0.058202051,0.098655770,0.089831390,0.124546838,0.092396580,1.296460882,0.106037288,0.148908078,0.109896797,cake-tiger,multi__reconstructed-cugcd,/home/froleyks/cake-tiger__exp--20260825T121849/caketiger/multi/data,same-runtime-for-model-certificates
caketaiger,k-culock,1.810771805,764,error-1,cake_lrup,aig,172,3,11,2,158,0,0,2,0,172,1.239269504,0.497940795,0.034599157,0.041722790,0.072562311,0.103854971,0.076694142,1.128936148,0.150962438,0.224475268,0.113399922,0.045890980,0.071997230,0.092797490,0.115485202,0.086413314,1.140015260,0.171456303,0.203114221,0.141070350,cake-tiger,multi__reconstructed-culock,/home/froleyks/cake-tiger__exp--20260825T121849/caketiger/multi/data,same-runtime-for-model-certificates
caketaiger,k-cusarb16,0.279501307,0,error-1,cake_lrup,aig,145,17,50,1,78,0,0,2,0,145,0.152682316,0.049575011,0.044413206,0.043288840,0.034837545,0.037284485,0.039763419,0.042246773,0.030380426,0.031722406,0.042494740,0.044544412,0.059187111,0.041121922,0.047074146,0.033826576,0.051085628,0.043475471,0.051108571,0.051039481,cake-tiger,multi__reconstructed-cusarb16,/home/froleyks/cake-tiger__exp--20260825T121849/caketiger/multi/data,same-runtime-for-model-certificates
caketaiger,k-cusarb32,0.395563566,215,error-1,cake_lrup,aig,273,33,98,1,142,0,0,2,0,273,0.188860101,0.133309803,0.044585953,0.033075438,0.057398119,0.048364200,0.043440758,0.092687120,0.039424059,0.082419774,0.036551956,0.046089615,0.062741575,0.075309795,0.067013019,0.050547502,0.106556471,0.061140676,0.073603371,0.049843489,cake-tiger,multi__reconstructed-cusarb32,/home/froleyks/cake-tiger__exp--20260825T121849/caketiger/multi/data,same-runtime-for-model-certificates
caketaiger,k-cutarb4,0.421655834,33,error-1,cake_lrup,aig,510,5,19,5,486,0,0,2,0,510,0.277909515,0.076496322,0.046537202,0.042316552,0.040182066,0.045659576,0.037855623,0.173664614,0.040641139,0.037810092,0.034441972,0.068256201,0.058079035,0.057305938,0.047847341,0.047542759,0.190505628,0.055944491,0.047588787,0.045975588,cake-tiger,multi__reconstructed-cutarb4,/home/froleyks/cake-tiger__exp--20260825T121849/caketiger/multi/data,same-runtime-for-model-certificates
caketaiger,k-cutarb8,1.911338448,756,error-1,cake_lrup,aig,1122,9,39,9,1074,0,0,2,0,1122,1.403293016,0.431075984,0.043297050,0.066328593,0.057591976,0.083849199,0.077326842,1.293816033,0.091872785,0.168405847,0.117333484,0.072304436,0.079569811,0.112511489,0.110289432,0.102095212,1.317144839,0.110595847,0.175867212,0.129001858,cake-tiger,multi__reconstructed-cutarb8,/home/froleyks/cake-tiger__exp--20260825T121849/caketiger/multi/data,same-runtime-for-model-certificates
caketaiger,k-cutf1,335.133396346,26001,error-1,cake_lrup,aig,669,8,35,2,626,0,0,2,0,669,320.940464526,13.904394746,0.044485233,0.090082409,0.502666950,1.958564294,1.579680271,320.770277145,2.064714567,7.877825870,2.964334715,0.132330181,0.186421252,0.989418402,1.986030390,1.609635452,320.817293191,2.086920388,7.894705626,2.997636781,cake-tiger,multi__reconstructed-cutf1,/home/froleyks/cake-tiger__exp--20260825T121849/caketiger/multi/data,same-runtime-for-model-certificates
caketaiger,k-cutf3,0.252487856,0,error-1,cake_lrup,aig,669,8,35,7,626,0,0,2,0,669,0.146714051,0.039038241,0.044581629,0.036168583,0.038536774,0.038264585,0.034114565,0.049409201,0.038190434,0.028351771,0.031984647,0.066865421,0.033747068,0.040654005,0.047260485,0.034000264,0.062196251,0.050520583,0.053934523,0.053108470,cake-tiger,multi__reconstructed-cutf3,/home/froleyks/cake-tiger__exp--20260825T121849/caketiger/multi/data,same-runtime-for-model-certificates
caketaiger,k-cutq1,925.974502615,26004,error-1,cake_lrup,aig,1223,11,68,3,1144,0,0,2,0,1223,906.807932983,18.822293316,0.051485937,0.055025539,0.642819972,2.600097871,2.378658359,906.600480511,3.041443245,4.437612949,4.166336198,0.126638762,0.139210725,1.464430605,2.625902627,2.471841045,906.674086451,3.059457487,4.473106314,4.179680807,cake-tiger,multi__reconstructed-cutq1,/home/froleyks/cake-tiger__exp--20260825T121849/caketiger/multi/data,same-runtime-for-model-certificates
caketaiger,k-lmcs06bc57sp,0.530894179,149,error-1,cake_lrup,aig,1691,66,129,0,1496,0,1,3,2,1691,0.316523632,0.139189490,0.034148546,0.046083826,0.054611520,0.043979786,0.049703944,0.211775912,0.046801719,0.060678155,0.052114573,0.039695511,0.065457841,0.064997548,0.050676685,0.068389089,0.213667606,0.043902285,0.073051960,0.068748317,cake-tiger,multi__reconstructed-lmcs06bc57sp,/home/froleyks/cake-tiger__exp--20260825T121849/caketiger/multi/data,same-runtime-for-model-certificates
caketaiger,k-lmcs06brp,0.278894067,0,error-1,cake_lrup,aig,902,47,89,0,766,0,1,2,0,902,0.160549150,0.048904019,0.034236823,0.054616924,0.041108515,0.046578770,0.037777764,0.037089930,0.044696451,0.036469347,0.033676993,0.054119373,0.055777470,0.043258092,0.059160914,0.041687263,0.042088654,0.049487880,0.060295715,0.043751395,cake-tiger,multi__reconstructed-lmcs06brp,/home/froleyks/cake-tiger__exp--20260825T121849/caketiger/multi/data,same-runtime-for-model-certificates
caketaiger,k-lmcs06counter0,0.250437141,0,error-1,cake_lrup,aig,69,6,11,0,52,0,0,1,0,69,0.155908745,0.025140601,0.043918024,0.038374446,0.041856470,0.038062402,0.027184563,0.041063549,0.027338653,0.026439867,0.035404265,0.060296885,0.040790304,0.054228159,NaN,0.049804212,0.052699319,0.049333061,0.042764498,0.044329953,cake-tiger,multi__original-live-2017-lmcs06counter0,/home/froleyks/cake-tiger__exp--20260825T121849/caketiger/multi/data,same-runtime-for-model-certificates
caketaiger,k-lmcs06mutex0,0.274730489,0,error-1,cake_lrup,aig,113,6,13,0,94,0,1,1,0,113,0.153563539,0.029563583,0.041515199,0.048782326,0.040753313,0.038392668,0.041534159,0.039773203,0.044019547,0.027754987,0.040506905,0.053499245,NaN,0.063823728,0.048691363,0.033560320,0.047133341,0.057458834,0.034553956,0.048652772,cake-tiger,multi__original-live-2017-lmcs06mutex0,/home/froleyks/cake-tiger__exp--20260825T121849/caketiger/multi/data,same-runtime-for-model-certificates
caketaiger,k-lmcs06ring0,0.436245814,0,error-1,cake_lrup,aig,100,10,15,0,75,0,0,1,3,100,0.158745939,0.191348401,0.042129198,0.036316691,0.044501946,0.045508773,0.040584971,0.042815867,0.039775103,0.036629178,0.041693756,0.047994780,0.045474286,0.056222894,0.060269568,0.068698027,0.054692370,0.038117586,0.064125142,0.051982136,cake-tiger,multi__original-live-2017-lmcs06ring0,/home/froleyks/cake-tiger__exp--20260825T121849/caketiger/multi/data,same-runtime-for-model-certificates
caketaiger,k-lmcs06short0,0.249466158,0,error-1,cake_lrup,aig,71,8,10,0,53,0,0,1,0,71,0.154811136,0.024880264,0.026145777,0.039960247,0.034699571,0.038916418,0.035328191,0.046375843,0.030992315,0.035636179,0.037472294,0.044535466,0.057881201,0.042092779,0.043716619,0.056693280,0.048707141,0.044039642,0.054494522,0.048776222,cake-tiger,multi__original-live-2017-lmcs06short0,/home/froleyks/cake-tiger__exp--20260825T121849/caketiger/multi/data,same-runtime-for-model-certificates
caketaiger,k-lmcs06srg5p0,0.244946467,0,error-1,cake_lrup,aig,394,39,46,0,309,0,0,1,0,394,0.151134198,0.026853547,0.042689614,0.034686122,0.034380779,0.035181498,0.040156183,0.035839328,0.040967807,0.037684867,0.030902475,0.061365369,0.041503325,0.063865850,0.039320522,0.049659224,0.059525147,0.031458461,0.064791905,0.051726570,cake-tiger,multi__original-live-2017-lmcs06srg5p0,/home/froleyks/cake-tiger__exp--20260825T121849/caketiger/multi/data,same-runtime-for-model-certificates
caketaiger,l2s-6s217,0.732375968,566,error-1,cake_lrup,aig,10730,106,1737,0,8887,0,13,2,2,10730,0.200022200,0.458036736,0.037260383,0.046238944,0.056184658,0.055238973,0.037945549,0.057220232,0.071325600,0.051016410,0.070627717,0.075839602,0.075539644,0.078503727,0.055615733,0.055706586,0.078477402,0.096046820,0.078327711,0.105220644,cake-tiger,multi__reconstructed-6s217,/home/froleyks/cake-tiger__exp--20260825T121849/caketiger/multi/data,same-runtime-for-model-certificates
caketaiger,l2s-cuabq2f,0.337474591,0,error-1,cake_lrup,aig,946,6,61,4,879,0,0,2,0,946,0.210565916,0.059009906,0.045039627,0.046489515,0.041773994,0.046314315,0.040779837,0.124011665,0.044339937,0.037421773,0.030796694,0.048170223,0.035529818,0.061108398,0.058429551,0.052209389,0.116142397,0.065215947,0.047872818,0.058601841,cake-tiger,multi__reconstructed-cuabq2f,/home/froleyks/cake-tiger__exp--20260825T121849/caketiger/multi/data,same-runtime-for-model-certificates
caketaiger,l2s-cuabq2mf,0.240663409,0,error-1,cake_lrup,aig,496,6,35,4,455,0,0,2,0,496,0.143636520,0.031148202,0.036236233,0.033954865,0.040764154,0.034133338,0.036414934,0.043067872,0.031029056,0.030357723,0.034104378,0.045727624,0.036677807,0.057173678,0.058815620,0.053763941,0.037685355,0.057225645,0.055821781,0.048155292,cake-tiger,multi__reconstructed-cuabq2mf,/home/froleyks/cake-tiger__exp--20260825T121849/caketiger/multi/data,same-runtime-for-model-certificates
caketaiger,l2s-cuabq4f,0.465786396,52,error-1,cake_lrup,aig,1864,8,119,6,1737,0,0,2,0,1864,0.284830605,0.108888215,0.037878598,0.037810449,0.051512799,0.043247024,0.040491830,0.182272471,0.044004074,0.047879569,0.043994052,0.058112250,0.072659423,0.079133439,0.052646987,0.057437789,0.209540877,0.067891268,0.061482363,0.049658708,cake-tiger,multi__reconstructed-cuabq4f,/home/froleyks/cake-tiger__exp--20260825T121849/caketiger/multi/data,same-runtime-for-model-certificates
caketaiger,l2s-cuabq4mf,0.474757679,0,error-1,cake_lrup,aig,964,8,67,6,889,0,0,2,0,964,0.179828572,0.221125415,0.045146894,0.032608895,0.039871040,0.043179580,0.044278419,0.082293110,0.037984290,0.037250110,0.054710861,0.057734223,0.080979840,0.065300520,0.048067169,0.053743027,0.095525126,0.048392731,0.057789815,0.053117292,cake-tiger,multi__reconstructed-cuabq4mf,/home/froleyks/cake-tiger__exp--20260825T121849/caketiger/multi/data,same-runtime-for-model-certificates
caketaiger,l2s-cucnt3,0.271289816,0,ok,cake_lrup,aig,22,0,3,1,19,0,0,2,0,22,0.164892242,0.030734446,0.036283131,0.035403072,0.039806902,0.042286884,0.047914883,0.038755997,0.046677152,0.037079346,0.028884973,0.042992250,0.050647431,0.071824546,0.045748049,0.050711499,0.047706921,0.029784304,0.060387151,0.035352980,cake-tiger,multi__reconstructed-cucnt3,/home/froleyks/cake-tiger__exp--20260825T121849/caketiger/multi/data,same-runtime-for-model-certificates
caketaiger,l2s-cugcd,1.865200233,587,error-1,cake_lrup,aig,844,18,47,1,779,0,0,2,0,844,1.390808232,0.390646732,0.047243462,0.076472806,0.045480289,0.124996662,0.071459689,1.293943920,0.095622155,0.150946871,0.085099729,0.058202051,0.098655770,0.089831390,0.124546838,0.092396580,1.296460882,0.106037288,0.148908078,0.109896797,cake-tiger,multi__reconstructed-cugcd,/home/froleyks/cake-tiger__exp--20260825T121849/caketiger/multi/data,same-runtime-for-model-certificates
caketaiger,l2s-culock,1.810771805,764,error-1,cake_lrup,aig,172,3,11,2,158,0,0,2,0,172,1.239269504,0.497940795,0.034599157,0.041722790,0.072562311,0.103854971,0.076694142,1.128936148,0.150962438,0.224475268,0.113399922,0.045890980,0.071997230,0.092797490,0.115485202,0.086413314,1.140015260,0.171456303,0.203114221,0.141070350,cake-tiger,multi__reconstructed-culock,/home/froleyks/cake-tiger__exp--20260825T121849/caketiger/multi/data,same-runtime-for-model-certificates
caketaiger,l2s-cunim1,795.306720088,26001,error-1,cake_lrup,aig,1143,6,32,2,1105,0,0,2,0,1143,781.424757570,13.653309151,0.048696823,0.058205459,0.434083903,2.004643383,1.457493493,781.259722660,2.542651590,3.130194058,3.403819042,0.088287005,0.097089601,1.137942569,2.018735647,1.491645990,781.326043090,2.579114891,3.159798058,3.413465054,cake-tiger,multi__reconstructed-cunim1,/home/froleyks/cake-tiger__exp--20260825T121849/caketiger/multi/data,same-runtime-for-model-certificates
caketaiger,l2s-cunim2,108.157498941,24194,error-1,cake_lrup,aig,1170,7,34,2,1129,0,0,2,0,1170,101.679527979,6.358539682,0.048255211,0.060991816,0.258955405,1.046930053,0.615863268,101.513452494,1.063104825,1.427513605,1.371744373,0.111219043,0.129141071,0.451168033,1.050467923,0.624316855,101.576915165,1.076823727,1.451831044,1.366122231,cake-tiger,multi__reconstructed-cunim2,/home/froleyks/cake-tiger__exp--20260825T121849/caketiger/multi/data,same-runtime-for-model-certificates
caketaiger,l2s-cusarb16,0.279501307,0,error-1,cake_lrup,aig,145,17,50,1,78,0,0,2,0,145,0.152682316,0.049575011,0.044413206,0.043288840,0.034837545,0.037284485,0.039763419,0.042246773,0.030380426,0.031722406,0.042494740,0.044544412,0.059187111,0.041121922,0.047074146,0.033826576,0.051085628,0.043475471,0.051108571,0.051039481,cake-tiger,multi__reconstructed-cusarb16,/home/froleyks/cake-tiger__exp--20260825T121849/caketiger/multi/data,same-runtime-for-model-certificates
caketaiger,l2s-cutarb4,0.421655834,33,error-1,cake_lrup,aig,510,5,19,5,486,0,0,2,0,510,0.277909515,0.076496322,0.046537202,0.042316552,0.040182066,0.045659576,0.037855623,0.173664614,0.040641139,0.037810092,0.034441972,0.068256201,0.058079035,0.057305938,0.047847341,0.047542759,0.190505628,0.055944491,0.047588787,0.045975588,cake-tiger,multi__reconstructed-cutarb4,/home/froleyks/cake-tiger__exp--20260825T121849/caketiger/multi/data,same-runtime-for-model-certificates
caketaiger,l2s-cutarb8,1.911338448,756,error-1,cake_lrup,aig,1122,9,39,9,1074,0,0,2,0,1122,1.403293016,0.431075984,0.043297050,0.066328593,0.057591976,0.083849199,0.077326842,1.293816033,0.091872785,0.168405847,0.117333484,0.072304436,0.079569811,0.112511489,0.110289432,0.102095212,1.317144839,0.110595847,0.175867212,0.129001858,cake-tiger,multi__reconstructed-cutarb8,/home/froleyks/cake-tiger__exp--20260825T121849/caketiger/multi/data,same-runtime-for-model-certificates
caketaiger,l2s-cutf1,335.133396346,26001,error-1,cake_lrup,aig,669,8,35,2,626,0,0,2,0,669,320.940464526,13.904394746,0.044485233,0.090082409,0.502666950,1.958564294,1.579680271,320.770277145,2.064714567,7.877825870,2.964334715,0.132330181,0.186421252,0.989418402,1.986030390,1.609635452,320.817293191,2.086920388,7.894705626,2.997636781,cake-tiger,multi__reconstructed-cutf1,/home/froleyks/cake-tiger__exp--20260825T121849/caketiger/multi/data,same-runtime-for-model-certificates
caketaiger,l2s-cutf3,0.252487856,0,error-1,cake_lrup,aig,669,8,35,7,626,0,0,2,0,669,0.146714051,0.039038241,0.044581629,0.036168583,0.038536774,0.038264585,0.034114565,0.049409201,0.038190434,0.028351771,0.031984647,0.066865421,0.033747068,0.040654005,0.047260485,0.034000264,0.062196251,0.050520583,0.053934523,0.053108470,cake-tiger,multi__reconstructed-cutf3,/home/froleyks/cake-tiger__exp--20260825T121849/caketiger/multi/data,same-runtime-for-model-certificates
caketaiger,l2s-lmcs06bc57sp,0.530894179,149,error-1,cake_lrup,aig,1691,66,129,0,1496,0,1,3,2,1691,0.316523632,0.139189490,0.034148546,0.046083826,0.054611520,0.043979786,0.049703944,0.211775912,0.046801719,0.060678155,0.052114573,0.039695511,0.065457841,0.064997548,0.050676685,0.068389089,0.213667606,0.043902285,0.073051960,0.068748317,cake-tiger,multi__reconstructed-lmcs06bc57sp,/home/froleyks/cake-tiger__exp--20260825T121849/caketiger/multi/data,same-runtime-for-model-certificates
caketaiger,l2s-lmcs06brp,0.278894067,0,error-1,cake_lrup,aig,902,47,89,0,766,0,1,2,0,902,0.160549150,0.048904019,0.034236823,0.054616924,0.041108515,0.046578770,0.037777764,0.037089930,0.044696451,0.036469347,0.033676993,0.054119373,0.055777470,0.043258092,0.059160914,0.041687263,0.042088654,0.049487880,0.060295715,0.043751395,cake-tiger,multi__reconstructed-lmcs06brp,/home/froleyks/cake-tiger__exp--20260825T121849/caketiger/multi/data,same-runtime-for-model-certificates
caketaiger,l2s-lmcs06counter0,0.250437141,0,error-1,cake_lrup,aig,69,6,11,0,52,0,0,1,0,69,0.155908745,0.025140601,0.043918024,0.038374446,0.041856470,0.038062402,0.027184563,0.041063549,0.027338653,0.026439867,0.035404265,0.060296885,0.040790304,0.054228159,NaN,0.049804212,0.052699319,0.049333061,0.042764498,0.044329953,cake-tiger,multi__original-live-2017-lmcs06counter0,/home/froleyks/cake-tiger__exp--20260825T121849/caketiger/multi/data,same-runtime-for-model-certificates
caketaiger,l2s-lmcs06mutex0,0.274730489,0,error-1,cake_lrup,aig,113,6,13,0,94,0,1,1,0,113,0.153563539,0.029563583,0.041515199,0.048782326,0.040753313,0.038392668,0.041534159,0.039773203,0.044019547,0.027754987,0.040506905,0.053499245,NaN,0.063823728,0.048691363,0.033560320,0.047133341,0.057458834,0.034553956,0.048652772,cake-tiger,multi__original-live-2017-lmcs06mutex0,/home/froleyks/cake-tiger__exp--20260825T121849/caketiger/multi/data,same-runtime-for-model-certificates
caketaiger,l2s-lmcs06ring0,0.436245814,0,error-1,cake_lrup,aig,100,10,15,0,75,0,0,1,3,100,0.158745939,0.191348401,0.042129198,0.036316691,0.044501946,0.045508773,0.040584971,0.042815867,0.039775103,0.036629178,0.041693756,0.047994780,0.045474286,0.056222894,0.060269568,0.068698027,0.054692370,0.038117586,0.064125142,0.051982136,cake-tiger,multi__original-live-2017-lmcs06ring0,/home/froleyks/cake-tiger__exp--20260825T121849/caketiger/multi/data,same-runtime-for-model-certificates
caketaiger,l2s-lmcs06short0,0.249466158,0,error-1,cake_lrup,aig,71,8,10,0,53,0,0,1,0,71,0.154811136,0.024880264,0.026145777,0.039960247,0.034699571,0.038916418,0.035328191,0.046375843,0.030992315,0.035636179,0.037472294,0.044535466,0.057881201,0.042092779,0.043716619,0.056693280,0.048707141,0.044039642,0.054494522,0.048776222,cake-tiger,multi__original-live-2017-lmcs06short0,/home/froleyks/cake-tiger__exp--20260825T121849/caketiger/multi/data,same-runtime-for-model-certificates
caketaiger,l2s-lmcs06srg5p0,0.244946467,0,error-1,cake_lrup,aig,394,39,46,0,309,0,0,1,0,394,0.151134198,0.026853547,0.042689614,0.034686122,0.034380779,0.035181498,0.040156183,0.035839328,0.040967807,0.037684867,0.030902475,0.061365369,0.041503325,0.063865850,0.039320522,0.049659224,0.059525147,0.031458461,0.064791905,0.051726570,cake-tiger,multi__original-live-2017-lmcs06srg5p0,/home/froleyks/cake-tiger__exp--20260825T121849/caketiger/multi/data,same-runtime-for-model-certificates
caketaiger,rlive-6s217,0.732375968,566,error-1,cake_lrup,aig,10730,106,1737,0,8887,0,13,2,2,10730,0.200022200,0.458036736,0.037260383,0.046238944,0.056184658,0.055238973,0.037945549,0.057220232,0.071325600,0.051016410,0.070627717,0.075839602,0.075539644,0.078503727,0.055615733,0.055706586,0.078477402,0.096046820,0.078327711,0.105220644,cake-tiger,multi__reconstructed-6s217,/home/froleyks/cake-tiger__exp--20260825T121849/caketiger/multi/data,same-runtime-for-model-certificates
caketaiger,rlive-cucnt3,0.271289816,0,ok,cake_lrup,aig,22,0,3,1,19,0,0,2,0,22,0.164892242,0.030734446,0.036283131,0.035403072,0.039806902,0.042286884,0.047914883,0.038755997,0.046677152,0.037079346,0.028884973,0.042992250,0.050647431,0.071824546,0.045748049,0.050711499,0.047706921,0.029784304,0.060387151,0.035352980,cake-tiger,multi__reconstructed-cucnt3,/home/froleyks/cake-tiger__exp--20260825T121849/caketiger/multi/data,same-runtime-for-model-certificates
caketaiger,rlive-culock,1.810771805,764,error-1,cake_lrup,aig,172,3,11,2,158,0,0,2,0,172,1.239269504,0.497940795,0.034599157,0.041722790,0.072562311,0.103854971,0.076694142,1.128936148,0.150962438,0.224475268,0.113399922,0.045890980,0.071997230,0.092797490,0.115485202,0.086413314,1.140015260,0.171456303,0.203114221,0.141070350,cake-tiger,multi__reconstructed-culock,/home/froleyks/cake-tiger__exp--20260825T121849/caketiger/multi/data,same-runtime-for-model-certificates
caketaiger,rlive-cutarb4,0.421655834,33,error-1,cake_lrup,aig,510,5,19,5,486,0,0,2,0,510,0.277909515,0.076496322,0.046537202,0.042316552,0.040182066,0.045659576,0.037855623,0.173664614,0.040641139,0.037810092,0.034441972,0.068256201,0.058079035,0.057305938,0.047847341,0.047542759,0.190505628,0.055944491,0.047588787,0.045975588,cake-tiger,multi__reconstructed-cutarb4,/home/froleyks/cake-tiger__exp--20260825T121849/caketiger/multi/data,same-runtime-for-model-certificates
caketaiger,rlive-lmcs06brp,0.278894067,0,error-1,cake_lrup,aig,902,47,89,0,766,0,1,2,0,902,0.160549150,0.048904019,0.034236823,0.054616924,0.041108515,0.046578770,0.037777764,0.037089930,0.044696451,0.036469347,0.033676993,0.054119373,0.055777470,0.043258092,0.059160914,0.041687263,0.042088654,0.049487880,0.060295715,0.043751395,cake-tiger,multi__reconstructed-lmcs06brp,/home/froleyks/cake-tiger__exp--20260825T121849/caketiger/multi/data,same-runtime-for-model-certificates
caketaiger,rlive-lmcs06counter0,0.250437141,0,error-1,cake_lrup,aig,69,6,11,0,52,0,0,1,0,69,0.155908745,0.025140601,0.043918024,0.038374446,0.041856470,0.038062402,0.027184563,0.041063549,0.027338653,0.026439867,0.035404265,0.060296885,0.040790304,0.054228159,NaN,0.049804212,0.052699319,0.049333061,0.042764498,0.044329953,cake-tiger,multi__original-live-2017-lmcs06counter0,/home/froleyks/cake-tiger__exp--20260825T121849/caketiger/multi/data,same-runtime-for-model-certificates
caketaiger,rlive-lmcs06mutex0,0.274730489,0,error-1,cake_lrup,aig,113,6,13,0,94,0,1,1,0,113,0.153563539,0.029563583,0.041515199,0.048782326,0.040753313,0.038392668,0.041534159,0.039773203,0.044019547,0.027754987,0.040506905,0.053499245,NaN,0.063823728,0.048691363,0.033560320,0.047133341,0.057458834,0.034553956,0.048652772,cake-tiger,multi__original-live-2017-lmcs06mutex0,/home/froleyks/cake-tiger__exp--20260825T121849/caketiger/multi/data,same-runtime-for-model-certificates
caketaiger,rlive-lmcs06short0,0.249466158,0,error-1,cake_lrup,aig,71,8,10,0,53,0,0,1,0,71,0.154811136,0.024880264,0.026145777,0.039960247,0.034699571,0.038916418,0.035328191,0.046375843,0.030992315,0.035636179,0.037472294,0.044535466,0.057881201,0.042092779,0.043716619,0.056693280,0.048707141,0.044039642,0.054494522,0.048776222,cake-tiger,multi__original-live-2017-lmcs06short0,/home/froleyks/cake-tiger__exp--20260825T121849/caketiger/multi/data,same-runtime-for-model-certificates
caketaiger,stable-6s217,0.732375968,566,error-1,cake_lrup,aig,10730,106,1737,0,8887,0,13,2,2,10730,0.200022200,0.458036736,0.037260383,0.046238944,0.056184658,0.055238973,0.037945549,0.057220232,0.071325600,0.051016410,0.070627717,0.075839602,0.075539644,0.078503727,0.055615733,0.055706586,0.078477402,0.096046820,0.078327711,0.105220644,cake-tiger,multi__reconstructed-6s217,/home/froleyks/cake-tiger__exp--20260825T121849/caketiger/multi/data,same-runtime-for-model-certificates
caketaiger,stable-cuabq2f,0.337474591,0,error-1,cake_lrup,aig,946,6,61,4,879,0,0,2,0,946,0.210565916,0.059009906,0.045039627,0.046489515,0.041773994,0.046314315,0.040779837,0.124011665,0.044339937,0.037421773,0.030796694,0.048170223,0.035529818,0.061108398,0.058429551,0.052209389,0.116142397,0.065215947,0.047872818,0.058601841,cake-tiger,multi__reconstructed-cuabq2f,/home/froleyks/cake-tiger__exp--20260825T121849/caketiger/multi/data,same-runtime-for-model-certificates
caketaiger,stable-cuabq2mf,0.240663409,0,error-1,cake_lrup,aig,496,6,35,4,455,0,0,2,0,496,0.143636520,0.031148202,0.036236233,0.033954865,0.040764154,0.034133338,0.036414934,0.043067872,0.031029056,0.030357723,0.034104378,0.045727624,0.036677807,0.057173678,0.058815620,0.053763941,0.037685355,0.057225645,0.055821781,0.048155292,cake-tiger,multi__reconstructed-cuabq2mf,/home/froleyks/cake-tiger__exp--20260825T121849/caketiger/multi/data,same-runtime-for-model-certificates
caketaiger,stable-cuabq4f,0.465786396,52,error-1,cake_lrup,aig,1864,8,119,6,1737,0,0,2,0,1864,0.284830605,0.108888215,0.037878598,0.037810449,0.051512799,0.043247024,0.040491830,0.182272471,0.044004074,0.047879569,0.043994052,0.058112250,0.072659423,0.079133439,0.052646987,0.057437789,0.209540877,0.067891268,0.061482363,0.049658708,cake-tiger,multi__reconstructed-cuabq4f,/home/froleyks/cake-tiger__exp--20260825T121849/caketiger/multi/data,same-runtime-for-model-certificates
caketaiger,stable-cuabq4mf,0.474757679,0,error-1,cake_lrup,aig,964,8,67,6,889,0,0,2,0,964,0.179828572,0.221125415,0.045146894,0.032608895,0.039871040,0.043179580,0.044278419,0.082293110,0.037984290,0.037250110,0.054710861,0.057734223,0.080979840,0.065300520,0.048067169,0.053743027,0.095525126,0.048392731,0.057789815,0.053117292,cake-tiger,multi__reconstructed-cuabq4mf,/home/froleyks/cake-tiger__exp--20260825T121849/caketiger/multi/data,same-runtime-for-model-certificates
caketaiger,stable-cucnt3,0.271289816,0,ok,cake_lrup,aig,22,0,3,1,19,0,0,2,0,22,0.164892242,0.030734446,0.036283131,0.035403072,0.039806902,0.042286884,0.047914883,0.038755997,0.046677152,0.037079346,0.028884973,0.042992250,0.050647431,0.071824546,0.045748049,0.050711499,0.047706921,0.029784304,0.060387151,0.035352980,cake-tiger,multi__reconstructed-cucnt3,/home/froleyks/cake-tiger__exp--20260825T121849/caketiger/multi/data,same-runtime-for-model-certificates
caketaiger,stable-cuffl,2.748836733,1169,error-1,cake_lrup,aig,1636,9,151,0,1476,0,0,3,0,1636,1.994565745,0.678980480,0.069578834,0.064428352,0.047847682,0.133609466,0.118419626,1.891952986,0.137601661,0.172485290,0.120581923,0.137070742,0.089868590,0.104802985,0.132661734,0.149517520,1.904810251,0.162050330,0.176126443,0.159948251,cake-tiger,multi__reconstructed-cuffl,/home/froleyks/cake-tiger__exp--20260825T121849/caketiger/multi/data,same-runtime-for-model-certificates
caketaiger,stable-cufq1,564.116027151,26004,error-1,cake_lrup,aig,2340,20,134,5,2186,0,0,2,0,2340,545.468158823,18.388150659,0.041308573,0.096016389,0.343039124,2.711318190,1.822318556,545.282953020,2.579504737,4.346505499,3.969297856,0.112238290,0.177039919,1.346152497,2.723720819,1.838957933,545.350231957,2.628676752,4.378892800,3.983839942,cake-tiger,multi__reconstructed-cufq1,/home/froleyks/cake-tiger__exp--20260825T121849/caketiger/multi/data,same-runtime-for-model-certificates
caketaiger,stable-cugcd,1.865200233,587,error-1,cake_lrup,aig,844,18,47,1,779,0,0,2,0,844,1.390808232,0.390646732,0.047243462,0.076472806,0.045480289,0.124996662,0.071459689,1.293943920,0.095622155,0.150946871,0.085099729,0.058202051,0.098655770,0.089831390,0.124546838,0.092396580,1.296460882,0.106037288,0.148908078,0.109896797,cake-tiger,multi__reconstructed-cugcd,/home/froleyks/cake-tiger__exp--20260825T121849/caketiger/multi/data,same-runtime-for-model-certificates
caketaiger,stable-culock,1.810771805,764,error-1,cake_lrup,aig,172,3,11,2,158,0,0,2,0,172,1.239269504,0.497940795,0.034599157,0.041722790,0.072562311,0.103854971,0.076694142,1.128936148,0.150962438,0.224475268,0.113399922,0.045890980,0.071997230,0.092797490,0.115485202,0.086413314,1.140015260,0.171456303,0.203114221,0.141070350,cake-tiger,multi__reconstructed-culock,/home/froleyks/cake-tiger__exp--20260825T121849/caketiger/multi/data,same-runtime-for-model-certificates
caketaiger,stable-cunim1,795.306720088,26001,error-1,cake_lrup,aig,1143,6,32,2,1105,0,0,2,0,1143,781.424757570,13.653309151,0.048696823,0.058205459,0.434083903,2.004643383,1.457493493,781.259722660,2.542651590,3.130194058,3.403819042,0.088287005,0.097089601,1.137942569,2.018735647,1.491645990,781.326043090,2.579114891,3.159798058,3.413465054,cake-tiger,multi__reconstructed-cunim1,/home/froleyks/cake-tiger__exp--20260825T121849/caketiger/multi/data,same-runtime-for-model-certificates
caketaiger,stable-cunim2,108.157498941,24194,error-1,cake_lrup,aig,1170,7,34,2,1129,0,0,2,0,1170,101.679527979,6.358539682,0.048255211,0.060991816,0.258955405,1.046930053,0.615863268,101.513452494,1.063104825,1.427513605,1.371744373,0.111219043,0.129141071,0.451168033,1.050467923,0.624316855,101.576915165,1.076823727,1.451831044,1.366122231,cake-tiger,multi__reconstructed-cunim2,/home/froleyks/cake-tiger__exp--20260825T121849/caketiger/multi/data,same-runtime-for-model-certificates
caketaiger,stable-cusarb16,0.279501307,0,error-1,cake_lrup,aig,145,17,50,1,78,0,0,2,0,145,0.152682316,0.049575011,0.044413206,0.043288840,0.034837545,0.037284485,0.039763419,0.042246773,0.030380426,0.031722406,0.042494740,0.044544412,0.059187111,0.041121922,0.047074146,0.033826576,0.051085628,0.043475471,0.051108571,0.051039481,cake-tiger,multi__reconstructed-cusarb16,/home/froleyks/cake-tiger__exp--20260825T121849/caketiger/multi/data,same-runtime-for-model-certificates
caketaiger,stable-cusarb32,0.395563566,215,error-1,cake_lrup,aig,273,33,98,1,142,0,0,2,0,273,0.188860101,0.133309803,0.044585953,0.033075438,0.057398119,0.048364200,0.043440758,0.092687120,0.039424059,0.082419774,0.036551956,0.046089615,0.062741575,0.075309795,0.067013019,0.050547502,0.106556471,0.061140676,0.073603371,0.049843489,cake-tiger,multi__reconstructed-cusarb32,/home/froleyks/cake-tiger__exp--20260825T121849/caketiger/multi/data,same-runtime-for-model-certificates
caketaiger,stable-cutarb4,0.421655834,33,error-1,cake_lrup,aig,510,5,19,5,486,0,0,2,0,510,0.277909515,0.076496322,0.046537202,0.042316552,0.040182066,0.045659576,0.037855623,0.173664614,0.040641139,0.037810092,0.034441972,0.068256201,0.058079035,0.057305938,0.047847341,0.047542759,0.190505628,0.055944491,0.047588787,0.045975588,cake-tiger,multi__reconstructed-cutarb4,/home/froleyks/cake-tiger__exp--20260825T121849/caketiger/multi/data,same-runtime-for-model-certificates
caketaiger,stable-cutarb8,1.911338448,756,error-1,cake_lrup,aig,1122,9,39,9,1074,0,0,2,0,1122,1.403293016,0.431075984,0.043297050,0.066328593,0.057591976,0.083849199,0.077326842,1.293816033,0.091872785,0.168405847,0.117333484,0.072304436,0.079569811,0.112511489,0.110289432,0.102095212,1.317144839,0.110595847,0.175867212,0.129001858,cake-tiger,multi__reconstructed-cutarb8,/home/froleyks/cake-tiger__exp--20260825T121849/caketiger/multi/data,same-runtime-for-model-certificates
caketaiger,stable-cutf1,335.133396346,26001,error-1,cake_lrup,aig,669,8,35,2,626,0,0,2,0,669,320.940464526,13.904394746,0.044485233,0.090082409,0.502666950,1.958564294,1.579680271,320.770277145,2.064714567,7.877825870,2.964334715,0.132330181,0.186421252,0.989418402,1.986030390,1.609635452,320.817293191,2.086920388,7.894705626,2.997636781,cake-tiger,multi__reconstructed-cutf1,/home/froleyks/cake-tiger__exp--20260825T121849/caketiger/multi/data,same-runtime-for-model-certificates
caketaiger,stable-cutf3,0.252487856,0,error-1,cake_lrup,aig,669,8,35,7,626,0,0,2,0,669,0.146714051,0.039038241,0.044581629,0.036168583,0.038536774,0.038264585,0.034114565,0.049409201,0.038190434,0.028351771,0.031984647,0.066865421,0.033747068,0.040654005,0.047260485,0.034000264,0.062196251,0.050520583,0.053934523,0.053108470,cake-tiger,multi__reconstructed-cutf3,/home/froleyks/cake-tiger__exp--20260825T121849/caketiger/multi/data,same-runtime-for-model-certificates
caketaiger,stable-cutq1,925.974502615,26004,error-1,cake_lrup,aig,1223,11,68,3,1144,0,0,2,0,1223,906.807932983,18.822293316,0.051485937,0.055025539,0.642819972,2.600097871,2.378658359,906.600480511,3.041443245,4.437612949,4.166336198,0.126638762,0.139210725,1.464430605,2.625902627,2.471841045,906.674086451,3.059457487,4.473106314,4.179680807,cake-tiger,multi__reconstructed-cutq1,/home/froleyks/cake-tiger__exp--20260825T121849/caketiger/multi/data,same-runtime-for-model-certificates
caketaiger,stable-lmcs06bc57sp,0.530894179,149,error-1,cake_lrup,aig,1691,66,129,0,1496,0,1,3,2,1691,0.316523632,0.139189490,0.034148546,0.046083826,0.054611520,0.043979786,0.049703944,0.211775912,0.046801719,0.060678155,0.052114573,0.039695511,0.065457841,0.064997548,0.050676685,0.068389089,0.213667606,0.043902285,0.073051960,0.068748317,cake-tiger,multi__reconstructed-lmcs06bc57sp,/home/froleyks/cake-tiger__exp--20260825T121849/caketiger/multi/data,same-runtime-for-model-certificates
caketaiger,stable-lmcs06brp,0.278894067,0,error-1,cake_lrup,aig,902,47,89,0,766,0,1,2,0,902,0.160549150,0.048904019,0.034236823,0.054616924,0.041108515,0.046578770,0.037777764,0.037089930,0.044696451,0.036469347,0.033676993,0.054119373,0.055777470,0.043258092,0.059160914,0.041687263,0.042088654,0.049487880,0.060295715,0.043751395,cake-tiger,multi__reconstructed-lmcs06brp,/home/froleyks/cake-tiger__exp--20260825T121849/caketiger/multi/data,same-runtime-for-model-certificates
caketaiger,stable-lmcs06counter0,0.250437141,0,error-1,cake_lrup,aig,69,6,11,0,52,0,0,1,0,69,0.155908745,0.025140601,0.043918024,0.038374446,0.041856470,0.038062402,0.027184563,0.041063549,0.027338653,0.026439867,0.035404265,0.060296885,0.040790304,0.054228159,NaN,0.049804212,0.052699319,0.049333061,0.042764498,0.044329953,cake-tiger,multi__original-live-2017-lmcs06counter0,/home/froleyks/cake-tiger__exp--20260825T121849/caketiger/multi/data,same-runtime-for-model-certificates
caketaiger,stable-lmcs06mutex0,0.274730489,0,error-1,cake_lrup,aig,113,6,13,0,94,0,1,1,0,113,0.153563539,0.029563583,0.041515199,0.048782326,0.040753313,0.038392668,0.041534159,0.039773203,0.044019547,0.027754987,0.040506905,0.053499245,NaN,0.063823728,0.048691363,0.033560320,0.047133341,0.057458834,0.034553956,0.048652772,cake-tiger,multi__original-live-2017-lmcs06mutex0,/home/froleyks/cake-tiger__exp--20260825T121849/caketiger/multi/data,same-runtime-for-model-certificates
caketaiger,stable-lmcs06ring0,0.436245814,0,error-1,cake_lrup,aig,100,10,15,0,75,0,0,1,3,100,0.158745939,0.191348401,0.042129198,0.036316691,0.044501946,0.045508773,0.040584971,0.042815867,0.039775103,0.036629178,0.041693756,0.047994780,0.045474286,0.056222894,0.060269568,0.068698027,0.054692370,0.038117586,0.064125142,0.051982136,cake-tiger,multi__original-live-2017-lmcs06ring0,/home/froleyks/cake-tiger__exp--20260825T121849/caketiger/multi/data,same-runtime-for-model-certificates
caketaiger,stable-lmcs06short0,0.249466158,0,error-1,cake_lrup,aig,71,8,10,0,53,0,0,1,0,71,0.154811136,0.024880264,0.026145777,0.039960247,0.034699571,0.038916418,0.035328191,0.046375843,0.030992315,0.035636179,0.037472294,0.044535466,0.057881201,0.042092779,0.043716619,0.056693280,0.048707141,0.044039642,0.054494522,0.048776222,cake-tiger,multi__original-live-2017-lmcs06short0,/home/froleyks/cake-tiger__exp--20260825T121849/caketiger/multi/data,same-runtime-for-model-certificates
caketaiger,stable-lmcs06srg5p0,0.244946467,0,error-1,cake_lrup,aig,394,39,46,0,309,0,0,1,0,394,0.151134198,0.026853547,0.042689614,0.034686122,0.034380779,0.035181498,0.040156183,0.035839328,0.040967807,0.037684867,0.030902475,0.061365369,0.041503325,0.063865850,0.039320522,0.049659224,0.059525147,0.031458461,0.064791905,0.051726570,cake-tiger,multi__original-live-2017-lmcs06srg5p0,/home/froleyks/cake-tiger__exp--20260825T121849/caketiger/multi/data,same-runtime-for-model-certificates
