dir,name,time,status,memory,generation,split,cnf_Reset,solve_Reset,check_Reset,cnf_Transition,solve_Transition,check_Transition,cnf_Safety,solve_Safety,check_Safety,cnf_Liveness,solve_Liveness,check_Liveness,cnf_Base,solve_Base,check_Base,cnf_Inductive,solve_Inductive,check_Inductive,cnf_Decrease,solve_Decrease,check_Decrease,cnf_Closure,solve_Closure,check_Closure,cnf_Consistent,solve_Consistent,check_Consistent,model_format,model_M,model_I,model_L,model_O,model_A,model_B,model_C,model_J,model_F,witness_format,witness_M,witness_I,witness_L,witness_O,witness_A,witness_B,witness_C,witness_J,witness_F,vars_Reset,clauses_Reset,vars_Transition,clauses_Transition,vars_Safety,clauses_Safety,vars_Liveness,clauses_Liveness,vars_Base,clauses_Base,vars_Inductive,clauses_Inductive,vars_Decrease,clauses_Decrease,vars_Closure,clauses_Closure,vars_Consistent,clauses_Consistent
certifaiger,cucnt10,4.442718151,ok,726,0.037123844,0.075171782,0.046032094,0.057964441,0.056356374,0.064527808,0.125036246,0.111795365,0.059410076,0.054860579,0.086195377,0.060477417,0.643145560,0.618124094,0.069385300,0.086919790,0.084467049,0.072944931,0.143615246,0.103867073,0.065758341,0.871480445,0.866424401,0.070257424,4.048106290,4.043051228,0.085191856,0.287295790,0.301421201,aig,92,0,10,0,82,0,0,1,NaN,aig,30821,0,10,0,30811,1,2047,1,NaN,2101,2124,4244,6528,14356,26637,57464,96510,14375,18490,28767,45282,57453,96497,100492,166158,100554,209387
certifaiger,cucnt10ro,4.422298242,ok,726,0.036889175,0.075114125,0.048798430,0.044254154,0.059479746,0.047991978,0.155328599,0.165247184,0.038561622,0.122880015,0.124732311,0.054492400,0.652234808,0.651136785,0.052782645,0.101765687,0.123264666,0.066036437,0.131952508,0.123619162,0.061539996,0.862793652,0.878154201,0.059107569,4.000231036,4.018596869,0.079115028,0.347282330,0.351226593,aig,92,0,10,0,82,0,0,1,NaN,aig,30821,0,10,0,30811,1,2047,1,NaN,2101,2124,4244,6528,14356,26637,57464,96510,14375,18490,28767,45282,57453,96497,100492,166158,100554,209387
certifaiger,cucnt3,0.391344125,ok,0,0.024391028,0.025087699,0.038227124,0.057756900,0.052494089,0.037017800,0.044103424,0.048726878,0.028221839,0.082471079,0.090865153,0.033919642,0.052467728,0.048065497,0.035587048,0.065015343,0.076158795,0.035405206,0.063469037,0.046646294,0.046993097,0.041349737,0.042917755,0.043300880,0.063929163,0.060984865,0.041560356,0.051990410,0.059693864,aig,22,0,3,0,19,0,0,1,NaN,aig,145,0,3,0,142,1,15,1,NaN,34,43,75,152,62,102,253,425,67,104,137,242,249,419,420,684,440,905
certifaiger,cucnt3ro,0.407825365,ok,0,0.025143085,0.027235166,0.037561638,0.026521656,0.043413367,0.039964903,0.066517781,0.066481000,0.038185142,0.025844045,0.039941934,0.039397008,0.073835937,0.062725904,0.038155324,0.089336615,0.081212299,0.042962547,0.048759512,0.051278793,0.040938682,0.075219578,0.062222230,0.045641476,0.067628493,0.062403666,0.035039509,0.059983439,0.071868776,aig,22,0,3,0,19,0,0,1,NaN,aig,145,0,3,0,142,1,15,1,NaN,34,43,75,152,62,102,253,425,67,104,137,242,249,419,420,684,440,905
certifaiger,cuffl11,0.447762047,ok,0,0.024808016,0.025254561,0.038769378,0.072304927,0.074972272,0.038936147,0.115133429,0.106407665,0.042940412,0.103259119,0.071184802,0.034936228,0.068142004,0.085589215,0.044585822,0.092090089,0.076041235,0.044994783,0.106527476,0.098119728,0.040577591,0.078677878,0.065262028,0.040137992,0.073046618,0.082908354,0.040088035,0.072850384,0.114467051,aig,1636,9,151,0,1476,0,0,1,NaN,aig,1782,18,151,0,1613,1,3,1,NaN,762,1067,2076,5318,312,320,1900,4064,613,772,1582,3435,1898,4060,2523,4849,3488,8275
certifaiger,culock,3.019570923,ok,629,0.034435430,0.061206244,0.057622221,0.086521815,0.112492309,0.062672779,0.123700718,0.157805841,0.044863643,0.167379197,0.173702684,0.045995163,0.577500642,0.580814555,0.052280471,0.091084741,0.108478658,0.061577243,0.486462558,0.485659250,0.069979451,1.469590279,1.482847327,0.068005925,2.615263330,2.646008738,0.056960846,0.525957529,0.489123712,aig,179,3,13,0,163,0,0,1,NaN,aig,22760,6,13,0,22741,1,691,1,NaN,760,789,1686,2898,10868,17728,43584,68490,10893,15626,21877,33731,43581,68484,76150,118807,76298,151841
certifaiger,culockro,3.032210295,ok,628,0.033662809,0.059785256,0.054016369,0.097813907,0.084264126,0.063970141,0.064407009,0.103151091,0.054491502,0.081328607,0.104748504,0.054440519,0.500123753,0.514391451,0.047639951,0.147057885,0.143789977,0.054206735,0.476008707,0.473487564,0.057190460,1.588750306,1.598851989,0.053578673,2.663917438,2.665950889,0.066092843,0.496681721,0.483636028,aig,179,3,13,0,163,0,0,1,NaN,aig,22760,6,13,0,22741,1,691,1,NaN,760,789,1686,2898,10868,17728,43584,68490,10893,15626,21877,33731,43581,68484,76150,118807,76298,151841
certifaiger,cutarb4,4.498571243,ok,1101,0.053262524,0.105921745,0.087272718,0.099167372,0.113616577,0.053178061,0.183434724,0.168596396,0.080316680,0.353557607,0.315501787,0.084321636,1.411305914,1.417960093,0.069311320,0.221089865,0.203158186,0.093558878,1.930464884,1.979376607,0.097896541,2.556663036,2.564645301,0.081329075,4.037903494,4.064783945,0.099109270,0.976021802,0.992317734,aig,529,5,24,0,500,0,0,1,NaN,aig,46430,10,24,0,46396,1,841,1,NaN,965,1016,2575,5080,22513,35423,90431,139641,22560,33000,45453,69636,90425,139629,157907,242522,158341,311311
certifaiger,cutarb4ro,4.568277156,ok,1116,0.055970385,0.105401167,0.084306074,0.134227234,0.125649526,0.085150321,0.105679023,0.092369626,0.071707130,0.252776824,0.245646358,0.087763785,1.464493560,1.457529324,0.063281105,0.261180203,0.273005298,0.084448418,1.849686865,1.855942186,0.098881852,2.547705057,2.547021596,0.099542134,4.066409294,4.065108027,0.072866618,1.079919478,1.048219594,aig,529,5,24,0,500,0,0,1,NaN,aig,46430,10,24,0,46396,1,841,1,NaN,965,1016,2575,5080,22513,35423,90431,139641,22560,33000,45453,69636,90425,139629,157907,242522,158341,311311
certifaiger,lmcs06counter0,1.965284113,ok,541,0.036378989,0.075177256,0.059231441,0.073053507,0.075512641,0.038654925,0.075719589,0.083303660,0.070380501,0.213537316,0.158899678,0.075757309,0.442670683,0.439671122,0.076804300,0.188170371,0.219901871,0.046608865,0.297134087,0.311860364,0.060215188,0.940482343,0.940086133,0.084472445,1.446463510,1.505442216,0.070300266,0.545096731,0.533718139,aig,73,6,13,0,54,0,0,1,NaN,aig,25773,12,13,0,25748,1,1389,1,NaN,1458,1487,2951,4540,12165,22655,48708,81965,12190,15244,24407,38050,48705,81959,85165,141056,85249,177711
certifaiger,lmcs06short0,0.684286292,ok,126,0.025883132,0.038764284,0.056423484,0.083766331,0.063475288,0.042098010,0.127286905,0.128475985,0.048026217,0.156593087,0.148454971,0.041323675,0.192670190,0.219916075,0.040549556,0.102031373,0.122550904,0.043710395,0.176263783,0.173907361,0.043897831,0.190203921,0.191851820,0.048099432,0.391181805,0.383389476,0.063906729,0.284258573,0.281586309,aig,75,8,12,0,55,0,0,1,NaN,aig,11992,16,12,0,11964,1,697,1,NaN,761,788,1564,2458,5618,10496,22522,38004,5641,7069,11313,17715,22519,37998,39340,65298,39424,82310
caketaiger,cucnt10,5.758170583,ok,1198,1.561927483,NaN,NaN,0.144403216,0.151866374,NaN,0.164885461,0.178041690,NaN,0.247341891,0.226845055,NaN,1.829632649,1.827250559,NaN,0.163017130,0.165775324,NaN,0.173180890,0.158385090,NaN,2.466167065,2.427638342,NaN,3.925180898,3.953253593,NaN,0.618545520,0.615995586,aig,92,0,10,0,82,0,0,1,NaN,aig,30821,0,10,0,30811,1,2047,1,NaN,40,60,226,2415,12314,24591,53407,92399,12323,16435,24712,41177,53396,92387,94386,159996,94482,203213
caketaiger,cucnt10ro,5.671308466,ok,1198,1.552991736,NaN,NaN,0.071755933,0.071199535,NaN,0.130405834,0.153334437,NaN,0.182779348,0.207182907,NaN,1.599869321,1.627040087,NaN,0.148735245,0.158132663,NaN,0.204427093,0.208113797,NaN,1.938669082,1.936677981,NaN,3.873747409,3.874039502,NaN,0.634098874,0.608554167,aig,92,0,10,0,82,0,0,1,NaN,aig,30821,0,10,0,30811,1,2047,1,NaN,40,60,226,2415,12314,24591,53407,92399,12323,16435,24712,41177,53396,92387,94386,159996,94482,203213
caketaiger,cucnt3,0.368812407,ok,0,0.026463816,NaN,NaN,0.088108071,0.060989939,NaN,0.067607411,0.067069286,NaN,0.043400209,0.066814814,NaN,0.072909249,0.067734701,NaN,0.089001398,0.081971912,NaN,0.075465996,0.074301961,NaN,0.060870350,0.066644180,NaN,0.063018171,0.094932591,NaN,0.069110201,0.109139456,aig,22,0,3,0,19,0,0,1,NaN,aig,145,0,3,0,142,1,15,1,NaN,19,25,65,117,52,88,232,385,54,88,118,208,228,380,382,625,408,841
caketaiger,cucnt3ro,1.407062818,ok,4,1.062734560,NaN,NaN,0.051967069,0.058150581,NaN,0.069966036,0.064877492,NaN,0.063410699,0.053664003,NaN,0.084907079,0.088599424,NaN,0.111654974,0.095902535,NaN,0.072821844,0.067343934,NaN,0.064419963,0.066122503,NaN,0.096360883,0.100230006,NaN,0.100461137,0.075467914,aig,22,0,3,0,19,0,0,1,NaN,aig,145,0,3,0,142,1,15,1,NaN,19,25,65,117,52,88,232,385,54,88,118,208,228,380,382,625,408,841
caketaiger,cuffl11,0.481538238,ok,0,0.104660795,NaN,NaN,0.084140535,0.066680411,NaN,0.109101169,0.100140334,NaN,0.041973577,0.069613125,NaN,0.109975382,0.052660731,NaN,0.067287213,0.072971653,NaN,0.092410247,0.078450793,NaN,0.100244626,0.077622624,NaN,0.108173858,0.095955742,NaN,0.069918029,0.096289601,aig,1636,9,151,0,1476,0,0,1,NaN,aig,1782,18,151,0,1613,1,3,1,NaN,463,765,3072,5011,314,318,2394,3900,464,620,2078,3277,2392,3897,3012,4678,4474,7951
caketaiger,culock,4.668177941,ok,890,1.714847445,NaN,NaN,0.068066897,0.078739831,NaN,0.057839450,0.058781125,NaN,0.118148646,0.123050643,NaN,0.543444523,0.537658582,NaN,0.153646225,0.158361937,NaN,0.327062315,0.294921768,NaN,1.463486940,1.435886803,NaN,2.731760297,2.732725873,NaN,0.481330250,0.475354575,aig,179,3,13,0,163,0,0,1,NaN,aig,22760,6,13,0,22741,1,691,1,NaN,49,75,406,1491,10270,17038,42603,67088,10282,14924,20722,32335,42600,67083,74740,116710,74934,149729
caketaiger,culockro,6.991235904,ok,904,3.847330542,NaN,NaN,0.092819424,0.108206273,NaN,0.113175274,0.111193388,NaN,0.169564904,0.156971677,NaN,0.560830908,0.552132107,NaN,0.113473851,0.125823896,NaN,0.384807704,0.383000968,NaN,1.312524828,1.316225142,NaN,2.907661267,2.902230706,NaN,0.415546314,0.383628809,aig,179,3,13,0,163,0,0,1,NaN,aig,22760,6,13,0,22741,1,691,1,NaN,49,75,406,1491,10270,17038,42603,67088,10282,14924,20722,32335,42600,67083,74740,116710,74934,149729
caketaiger,cutarb4,60.424350203,ok,1876,28.058330196,NaN,NaN,0.150287584,0.141876176,NaN,0.127448965,0.154568517,NaN,0.177843367,0.193410342,NaN,1.638871229,1.647623537,NaN,0.140215745,0.159218425,NaN,1.923799320,1.907742152,NaN,2.768980419,2.780535129,NaN,32.132213020,32.149621690,NaN,1.136886685,1.111303699,aig,529,5,24,0,500,0,0,1,NaN,aig,46430,10,24,0,46396,1,841,1,NaN,82,130,1137,3351,21711,34583,89006,137928,21734,32137,43962,67929,89000,137917,155741,239964,156293,308727
caketaiger,cutarb4ro,7.960656614,ok,1874,2.726460620,NaN,NaN,0.072756696,0.071638393,NaN,0.178313882,0.183235877,NaN,0.288571826,0.254950780,NaN,1.652735291,1.663445351,NaN,0.217872187,0.242792017,NaN,1.943832889,1.938345453,NaN,3.131499073,3.100430916,NaN,4.996634186,5.008211522,NaN,1.495025319,1.476006025,aig,529,5,24,0,500,0,0,1,NaN,aig,46430,10,24,0,46396,1,841,1,NaN,82,130,1137,3351,21711,34583,89006,137928,21734,32137,43962,67929,89000,137917,155741,239964,156293,308727
caketaiger,lmcs06counter0,2.368209517,ok,978,0.582712296,NaN,NaN,0.096852854,0.084204435,NaN,0.105691235,0.102721691,NaN,0.111139073,0.114838369,NaN,0.480521322,0.472896078,NaN,0.104536230,0.123173580,NaN,0.209187798,0.192627420,NaN,0.439566244,0.415599656,NaN,1.544390910,1.542645730,NaN,0.299140716,0.307390830,aig,73,6,13,0,54,0,0,1,NaN,aig,25773,12,13,0,25748,1,1389,1,NaN,49,75,191,1737,10781,21267,45937,79167,10793,13844,21638,35258,45934,79162,81003,136865,81091,173505
caketaiger,lmcs06short0,0.895977348,ok,414,0.269183262,NaN,NaN,0.093685747,0.138468106,NaN,0.093336063,0.118869185,NaN,0.093309096,0.106726676,NaN,0.134044334,0.162362064,NaN,0.077231108,0.074250075,NaN,0.119054896,0.117262610,NaN,0.241933275,0.225978623,NaN,0.413360339,0.375784919,NaN,0.203989512,0.162047444,aig,75,8,12,0,55,0,0,1,NaN,aig,11992,16,12,0,11964,1,697,1,NaN,46,70,190,1041,4926,9800,21136,36591,4937,6362,9929,16308,21133,36586,37255,63184,37344,80182
pvs,cucnt10,496.213920630,error-1,22,NaN,NaN,NaN,NaN,NaN,NaN,NaN,NaN,NaN,NaN,NaN,NaN,NaN,NaN,NaN,NaN,NaN,NaN,NaN,NaN,NaN,NaN,NaN,NaN,NaN,NaN,NaN,NaN,NaN,NaN,NaN,NaN,NaN,NaN,NaN,NaN,NaN,NaN,NaN,NaN,NaN,NaN,NaN,NaN,NaN,NaN,NaN,NaN,NaN,NaN,NaN,NaN,NaN,NaN,NaN,NaN,NaN,NaN,NaN,NaN,NaN,NaN,NaN,NaN,NaN,NaN,NaN
pvs,cucnt10ro,496.889422912,error-1,22,NaN,NaN,NaN,NaN,NaN,NaN,NaN,NaN,NaN,NaN,NaN,NaN,NaN,NaN,NaN,NaN,NaN,NaN,NaN,NaN,NaN,NaN,NaN,NaN,NaN,NaN,NaN,NaN,NaN,NaN,NaN,NaN,NaN,NaN,NaN,NaN,NaN,NaN,NaN,NaN,NaN,NaN,NaN,NaN,NaN,NaN,NaN,NaN,NaN,NaN,NaN,NaN,NaN,NaN,NaN,NaN,NaN,NaN,NaN,NaN,NaN,NaN,NaN,NaN,NaN,NaN,NaN
pvs,cucnt3,3.660935184,ok,24,NaN,NaN,NaN,NaN,NaN,NaN,NaN,NaN,NaN,NaN,NaN,NaN,NaN,NaN,NaN,NaN,NaN,NaN,NaN,NaN,NaN,NaN,NaN,NaN,NaN,NaN,NaN,NaN,NaN,NaN,NaN,NaN,NaN,NaN,NaN,NaN,NaN,NaN,NaN,NaN,NaN,NaN,NaN,NaN,NaN,NaN,NaN,NaN,NaN,NaN,NaN,NaN,NaN,NaN,NaN,NaN,NaN,NaN,NaN,NaN,NaN,NaN,NaN,NaN,NaN,NaN,NaN
pvs,cucnt3ro,3.010014586,ok,24,NaN,NaN,NaN,NaN,NaN,NaN,NaN,NaN,NaN,NaN,NaN,NaN,NaN,NaN,NaN,NaN,NaN,NaN,NaN,NaN,NaN,NaN,NaN,NaN,NaN,NaN,NaN,NaN,NaN,NaN,NaN,NaN,NaN,NaN,NaN,NaN,NaN,NaN,NaN,NaN,NaN,NaN,NaN,NaN,NaN,NaN,NaN,NaN,NaN,NaN,NaN,NaN,NaN,NaN,NaN,NaN,NaN,NaN,NaN,NaN,NaN,NaN,NaN,NaN,NaN,NaN,NaN
pvs,cuffl11,5.963155534,ok,25,NaN,NaN,NaN,NaN,NaN,NaN,NaN,NaN,NaN,NaN,NaN,NaN,NaN,NaN,NaN,NaN,NaN,NaN,NaN,NaN,NaN,NaN,NaN,NaN,NaN,NaN,NaN,NaN,NaN,NaN,NaN,NaN,NaN,NaN,NaN,NaN,NaN,NaN,NaN,NaN,NaN,NaN,NaN,NaN,NaN,NaN,NaN,NaN,NaN,NaN,NaN,NaN,NaN,NaN,NaN,NaN,NaN,NaN,NaN,NaN,NaN,NaN,NaN,NaN,NaN,NaN,NaN
pvs,culock,195.990908084,ok,24,NaN,NaN,NaN,NaN,NaN,NaN,NaN,NaN,NaN,NaN,NaN,NaN,NaN,NaN,NaN,NaN,NaN,NaN,NaN,NaN,NaN,NaN,NaN,NaN,NaN,NaN,NaN,NaN,NaN,NaN,NaN,NaN,NaN,NaN,NaN,NaN,NaN,NaN,NaN,NaN,NaN,NaN,NaN,NaN,NaN,NaN,NaN,NaN,NaN,NaN,NaN,NaN,NaN,NaN,NaN,NaN,NaN,NaN,NaN,NaN,NaN,NaN,NaN,NaN,NaN,NaN,NaN
pvs,culockro,194.906438104,ok,25,NaN,NaN,NaN,NaN,NaN,NaN,NaN,NaN,NaN,NaN,NaN,NaN,NaN,NaN,NaN,NaN,NaN,NaN,NaN,NaN,NaN,NaN,NaN,NaN,NaN,NaN,NaN,NaN,NaN,NaN,NaN,NaN,NaN,NaN,NaN,NaN,NaN,NaN,NaN,NaN,NaN,NaN,NaN,NaN,NaN,NaN,NaN,NaN,NaN,NaN,NaN,NaN,NaN,NaN,NaN,NaN,NaN,NaN,NaN,NaN,NaN,NaN,NaN,NaN,NaN,NaN,NaN
pvs,cutarb4,83.609586368,ok,25,NaN,NaN,NaN,NaN,NaN,NaN,NaN,NaN,NaN,NaN,NaN,NaN,NaN,NaN,NaN,NaN,NaN,NaN,NaN,NaN,NaN,NaN,NaN,NaN,NaN,NaN,NaN,NaN,NaN,NaN,NaN,NaN,NaN,NaN,NaN,NaN,NaN,NaN,NaN,NaN,NaN,NaN,NaN,NaN,NaN,NaN,NaN,NaN,NaN,NaN,NaN,NaN,NaN,NaN,NaN,NaN,NaN,NaN,NaN,NaN,NaN,NaN,NaN,NaN,NaN,NaN,NaN
pvs,cutarb4ro,83.561710940,ok,24,NaN,NaN,NaN,NaN,NaN,NaN,NaN,NaN,NaN,NaN,NaN,NaN,NaN,NaN,NaN,NaN,NaN,NaN,NaN,NaN,NaN,NaN,NaN,NaN,NaN,NaN,NaN,NaN,NaN,NaN,NaN,NaN,NaN,NaN,NaN,NaN,NaN,NaN,NaN,NaN,NaN,NaN,NaN,NaN,NaN,NaN,NaN,NaN,NaN,NaN,NaN,NaN,NaN,NaN,NaN,NaN,NaN,NaN,NaN,NaN,NaN,NaN,NaN,NaN,NaN,NaN,NaN
pvs,lmcs06counter0,3.874517452,ok,24,NaN,NaN,NaN,NaN,NaN,NaN,NaN,NaN,NaN,NaN,NaN,NaN,NaN,NaN,NaN,NaN,NaN,NaN,NaN,NaN,NaN,NaN,NaN,NaN,NaN,NaN,NaN,NaN,NaN,NaN,NaN,NaN,NaN,NaN,NaN,NaN,NaN,NaN,NaN,NaN,NaN,NaN,NaN,NaN,NaN,NaN,NaN,NaN,NaN,NaN,NaN,NaN,NaN,NaN,NaN,NaN,NaN,NaN,NaN,NaN,NaN,NaN,NaN,NaN,NaN,NaN,NaN
pvs,lmcs06short0,2.398027910,ok,25,NaN,NaN,NaN,NaN,NaN,NaN,NaN,NaN,NaN,NaN,NaN,NaN,NaN,NaN,NaN,NaN,NaN,NaN,NaN,NaN,NaN,NaN,NaN,NaN,NaN,NaN,NaN,NaN,NaN,NaN,NaN,NaN,NaN,NaN,NaN,NaN,NaN,NaN,NaN,NaN,NaN,NaN,NaN,NaN,NaN,NaN,NaN,NaN,NaN,NaN,NaN,NaN,NaN,NaN,NaN,NaN,NaN,NaN,NaN,NaN,NaN,NaN,NaN,NaN,NaN,NaN,NaN
